return {
  ["glitched idle fr"] = {
    {Time = 0.000, Data = {
      ["Head"] = CFrame.new(-0.003107, 0.068928, 0.157247, 0.999724, 0.011061, -0.020731, -0.003251, 0.938890, 0.344202, 0.023272, -0.344040, 0.938667),
      ["LeftFoot"] = CFrame.new(0.000000, 0.007873, -0.000003, 0.974456, -0.171794, -0.144651, 0.156934, 0.981621, -0.108602, 0.160649, 0.083109, 0.983505),
      ["LeftHand"] = CFrame.new(0.000500, 0.000100, -0.000000, 0.998674, 0.033727, 0.038897, -0.034986, 0.998870, 0.032161, -0.037768, -0.033478, 0.998726),
      ["LeftLowerArm"] = CFrame.new(0.005665, 0.015798, 0.023155, 1.000000, -0.000000, -0.000000, -0.000000, 0.873373, -0.487052, 0.000000, 0.487052, 0.873373),
      ["LeftLowerLeg"] = CFrame.new(-0.000000, 0.037040, -0.004177, 1.000000, -0.000000, -0.000000, 0.000000, 0.956486, 0.291769, -0.000000, -0.291778, 0.956489),
      ["LeftUpperArm"] = CFrame.new(-0.312982, 0.330855, -0.409313, 0.235740, -0.357787, -0.903557, 0.514687, -0.742694, 0.428372, -0.824332, -0.566033, 0.009066),
      ["LeftUpperLeg"] = CFrame.new(-0.000723, -0.097399, -0.061041, 0.968487, 0.199620, 0.148940, -0.166666, 0.963818, -0.208003, -0.185084, 0.176652, 0.966722),
      ["LowerTorso"] = CFrame.new(-0.101855, -0.005287, 0.188637, 0.999442, 0.014561, -0.030047, -0.014651, 0.999889, -0.002767, 0.030004, 0.003206, 0.999545),
      ["RightFoot"] = CFrame.new(0.000000, -0.000205, -0.000103, 0.982498, 0.142508, 0.119994, -0.129929, 0.985748, -0.106863, -0.133476, 0.089404, 0.987006),
      ["RightHand"] = CFrame.new(-0.000501, 0.000000, 0.000000, 0.999992, -0.003397, 0.002252, 0.003462, 0.999559, -0.029487, -0.002151, 0.029495, 0.999563),
      ["RightLowerArm"] = CFrame.new(-0.011635, 0.021004, 0.018331, 1.000000, 0.000000, 0.000000, -0.000000, 0.778554, -0.627577, -0.000000, 0.627577, 0.778554),
      ["RightLowerLeg"] = CFrame.new(-0.000000, 0.034520, -0.006294, 1.000000, 0.000000, -0.000000, -0.000000, 0.937766, 0.347244, 0.000000, -0.347268, 0.937775),
      ["RightUpperArm"] = CFrame.new(0.590529, 0.406195, -0.310382, -0.304882, 0.455636, 0.836326, -0.680809, -0.718333, 0.143164, 0.665992, -0.525731, 0.529209),
      ["RightUpperLeg"] = CFrame.new(-0.016717, -0.066244, -0.093048, 0.987344, -0.157547, -0.018318, 0.150331, 0.966393, -0.208496, 0.050521, 0.203134, 0.977852),
      ["UpperTorso"] = CFrame.new(-0.028387, 0.011112, -0.030360, 0.998897, 0.014229, 0.044746, 0.001642, 0.941814, -0.336129, -0.046925, 0.335832, 0.940752)
    }},
    {Time = 0.017, Data = {
      ["Head"] = CFrame.new(-0.003107, 0.068928, 0.157247, 0.998180, -0.042945, -0.042343, 0.054586, 0.941862, 0.331535, 0.025644, -0.333243, 0.942492),
      ["LeftFoot"] = CFrame.new(-0.000000, 0.007881, -0.000003, 0.974453, -0.171803, -0.144659, 0.156918, 0.981607, -0.108756, 0.160682, 0.083260, 0.983487),
      ["LeftHand"] = CFrame.new(0.000500, 0.000100, 0.000000, 0.998674, 0.033727, 0.038897, -0.034986, 0.998870, 0.032161, -0.037768, -0.033478, 0.998726),
      ["LeftLowerArm"] = CFrame.new(0.005665, 0.015798, 0.023155, 1.000000, -0.000000, -0.000000, -0.000000, 0.873373, -0.487052, 0.000000, 0.487052, 0.873373),
      ["LeftLowerLeg"] = CFrame.new(0.000000, 0.037079, -0.004187, 1.000000, -0.000000, 0.000000, 0.000000, 0.956387, 0.292094, -0.000000, -0.292104, 0.956389),
      ["LeftUpperArm"] = CFrame.new(-0.312982, 0.330855, -0.409313, 0.235740, -0.357787, -0.903557, 0.514687, -0.742694, 0.428372, -0.824332, -0.566033, 0.009066),
      ["LeftUpperLeg"] = CFrame.new(-0.000723, -0.097400, -0.061041, 0.968484, 0.199658, 0.148908, -0.166675, 0.963778, -0.208183, -0.185091, 0.176829, 0.966688),
      ["LowerTorso"] = CFrame.new(-0.101855, -0.005378, 0.188639, 0.999442, 0.014561, -0.030047, -0.014651, 0.999889, -0.002767, 0.030004, 0.003206, 0.999545),
      ["RightFoot"] = CFrame.new(-0.000000, -0.000200, -0.000103, 0.982496, 0.142515, 0.120000, -0.129915, 0.985734, -0.107010, -0.133501, 0.089549, 0.986990),
      ["RightHand"] = CFrame.new(-0.000500, 0.000000, 0.000000, 0.999992, -0.003397, 0.002252, 0.003462, 0.999559, -0.029487, -0.002151, 0.029495, 0.999563),
      ["RightLowerArm"] = CFrame.new(-0.011635, 0.021005, 0.018331, 1.000000, 0.000000, 0.000000, -0.000000, 0.778554, -0.627577, -0.000000, 0.627577, 0.778554),
      ["RightLowerLeg"] = CFrame.new(-0.000000, 0.034555, -0.006305, 1.000000, 0.000000, -0.000000, -0.000000, 0.937654, 0.347544, 0.000000, -0.347569, 0.937663),
      ["RightUpperArm"] = CFrame.new(0.590530, 0.406195, -0.310382, -0.304882, 0.455636, 0.836326, -0.680809, -0.718333, 0.143164, 0.665992, -0.525731, 0.529209),
      ["RightUpperLeg"] = CFrame.new(-0.016717, -0.066244, -0.093048, 0.987343, -0.157559, -0.018295, 0.150338, 0.966356, -0.208663, 0.050526, 0.203303, 0.977816),
      ["UpperTorso"] = CFrame.new(-0.028385, 0.010976, -0.030361, 0.998897, 0.014229, 0.044746, 0.001642, 0.941814, -0.336129, -0.046925, 0.335832, 0.940752)
    }},
    {Time = 0.033, Data = {
      ["Head"] = CFrame.new(-0.003107, 0.068928, 0.157247, 0.977914, -0.185840, -0.095645, 0.206046, 0.933966, 0.291980, 0.035067, -0.305239, 0.951630),
      ["LeftFoot"] = CFrame.new(0.000000, 0.007902, -0.000003, 0.974445, -0.171830, -0.144681, 0.156868, 0.981564, -0.109211, 0.160779, 0.083706, 0.983433),
      ["LeftHand"] = CFrame.new(0.000500, 0.000100, -0.000000, 0.998674, 0.033727, 0.038897, -0.034986, 0.998870, 0.032161, -0.037768, -0.033478, 0.998726),
      ["LeftLowerArm"] = CFrame.new(0.005665, 0.015798, 0.023155, 1.000000, -0.000000, -0.000000, -0.000000, 0.873373, -0.487052, 0.000000, 0.487052, 0.873373),
      ["LeftLowerLeg"] = CFrame.new(-0.000000, 0.037193, -0.004216, 1.000000, -0.000000, -0.000000, 0.000000, 0.956092, 0.293056, 0.000000, -0.293066, 0.956095),
      ["LeftUpperArm"] = CFrame.new(-0.312982, 0.330855, -0.409313, 0.235740, -0.357787, -0.903557, 0.514687, -0.742694, 0.428372, -0.824332, -0.566033, 0.009066),
      ["LeftUpperLeg"] = CFrame.new(-0.000723, -0.097400, -0.061041, 0.968475, 0.199770, 0.148816, -0.166702, 0.963659, -0.208712, -0.185114, 0.177352, 0.966588),
      ["LowerTorso"] = CFrame.new(-0.101855, -0.005647, 0.188642, 0.999442, 0.014561, -0.030047, -0.014651, 0.999889, -0.002767, 0.030004, 0.003206, 0.999545),
      ["RightFoot"] = CFrame.new(0.000000, -0.000185, -0.000103, 0.982492, 0.142535, 0.120017, -0.129875, 0.985692, -0.107442, -0.133577, 0.089976, 0.986941),
      ["RightHand"] = CFrame.new(-0.000500, 0.000000, 0.000000, 0.999992, -0.003397, 0.002252, 0.003462, 0.999559, -0.029487, -0.002151, 0.029495, 0.999563),
      ["RightLowerArm"] = CFrame.new(-0.011635, 0.021005, 0.018331, 1.000000, 0.000000, 0.000000, -0.000000, 0.778554, -0.627577, -0.000000, 0.627577, 0.778554),
      ["RightLowerLeg"] = CFrame.new(0.000000, 0.034656, -0.006338, 1.000000, 0.000000, -0.000000, -0.000000, 0.937325, 0.348431, 0.000000, -0.348455, 0.937334),
      ["RightUpperArm"] = CFrame.new(0.590529, 0.406195, -0.310382, -0.304882, 0.455636, 0.836326, -0.680809, -0.718333, 0.143164, 0.665992, -0.525731, 0.529209),
      ["RightUpperLeg"] = CFrame.new(-0.016717, -0.066244, -0.093048, 0.987339, -0.157592, -0.018226, 0.150359, 0.966246, -0.209158, 0.050542, 0.203800, 0.977712),
      ["UpperTorso"] = CFrame.new(-0.028380, 0.010575, -0.030363, 0.998897, 0.014229, 0.044746, 0.001642, 0.941814, -0.336129, -0.046925, 0.335832, 0.940752)
    }},
    {Time = 0.050, Data = {
      ["Head"] = CFrame.new(-0.003107, 0.068928, 0.157247, 0.910450, -0.381753, -0.159202, 0.409851, 0.884488, 0.222941, 0.055704, -0.268225, 0.961744),
      ["LeftFoot"] = CFrame.new(-0.000000, 0.007936, -0.000003, 0.974431, -0.171874, -0.144718, 0.156788, 0.981494, -0.109955, 0.160938, 0.084435, 0.983345),
      ["LeftHand"] = CFrame.new(0.000500, 0.000100, 0.000000, 0.998674, 0.033727, 0.038897, -0.034986, 0.998870, 0.032161, -0.037768, -0.033478, 0.998726),
      ["LeftLowerArm"] = CFrame.new(0.005665, 0.015798, 0.023155, 1.000000, -0.000000, -0.000000, -0.000000, 0.873373, -0.487052, 0.000000, 0.487052, 0.873373),
      ["LeftLowerLeg"] = CFrame.new(-0.000000, 0.037381, -0.004263, 1.000000, -0.000000, 0.000000, 0.000000, 0.955609, 0.294627, 0.000000, -0.294636, 0.955612),
      ["LeftUpperArm"] = CFrame.new(-0.312982, 0.330855, -0.409313, 0.235740, -0.357787, -0.903557, 0.514687, -0.742694, 0.428372, -0.824332, -0.566033, 0.009066),
      ["LeftUpperLeg"] = CFrame.new(-0.000723, -0.097399, -0.061041, 0.968460, 0.199953, 0.148665, -0.166746, 0.963463, -0.209578, -0.185150, 0.178206, 0.966424),
      ["LowerTorso"] = CFrame.new(-0.101855, -0.006088, 0.188648, 0.999442, 0.014561, -0.030047, -0.014651, 0.999889, -0.002767, 0.030004, 0.003206, 0.999545),
      ["RightFoot"] = CFrame.new(0.000000, -0.000162, -0.000103, 0.982483, 0.142568, 0.120044, -0.129810, 0.985623, -0.108150, -0.133700, 0.090674, 0.986860),
      ["RightHand"] = CFrame.new(-0.000501, 0.000000, 0.000000, 0.999992, -0.003397, 0.002252, 0.003462, 0.999559, -0.029487, -0.002151, 0.029495, 0.999563),
      ["RightLowerArm"] = CFrame.new(-0.011635, 0.021004, 0.018331, 1.000000, 0.000000, 0.000000, -0.000000, 0.778554, -0.627577, -0.000000, 0.627577, 0.778554),
      ["RightLowerLeg"] = CFrame.new(-0.000000, 0.034823, -0.006392, 1.000000, 0.000000, -0.000000, -0.000000, 0.936785, 0.349881, 0.000000, -0.349905, 0.936794),
      ["RightUpperArm"] = CFrame.new(0.590529, 0.406195, -0.310382, -0.304882, 0.455636, 0.836326, -0.680809, -0.718333, 0.143164, 0.665992, -0.525731, 0.529209),
      ["RightUpperLeg"] = CFrame.new(-0.016717, -0.066244, -0.093048, 0.987332, -0.157646, -0.018113, 0.150393, 0.966065, -0.209966, 0.050569, 0.204613, 0.977541),
      ["UpperTorso"] = CFrame.new(-0.028370, 0.009919, -0.030367, 0.998897, 0.014229, 0.044746, 0.001642, 0.941814, -0.336129, -0.046925, 0.335832, 0.940752)
    }},
    {Time = 0.067, Data = {
      ["Head"] = CFrame.new(-0.003107, 0.068928, 0.157247, 0.786908, -0.580128, -0.210305, 0.610858, 0.780588, 0.132420, 0.087341, -0.232669, 0.968626),
      ["LeftFoot"] = CFrame.new(0.000000, 0.007984, -0.000003, 0.974413, -0.171935, -0.144769, 0.156677, 0.981397, -0.110974, 0.161156, 0.085434, 0.983223),
      ["LeftHand"] = CFrame.new(0.000499, 0.000100, 0.000000, 0.998674, 0.033727, 0.038897, -0.034986, 0.998870, 0.032161, -0.037768, -0.033478, 0.998726),
      ["LeftLowerArm"] = CFrame.new(0.005666, 0.015798, 0.023155, 1.000000, -0.000000, -0.000000, -0.000000, 0.873373, -0.487052, 0.000000, 0.487052, 0.873373),
      ["LeftLowerLeg"] = CFrame.new(0.000000, 0.037639, -0.004329, 1.000000, -0.000000, -0.000000, 0.000000, 0.954943, 0.296781, -0.000000, -0.296790, 0.954946),
      ["LeftUpperArm"] = CFrame.new(-0.312982, 0.330855, -0.409313, 0.235740, -0.357787, -0.903557, 0.514687, -0.742694, 0.428372, -0.824332, -0.566033, 0.009066),
      ["LeftUpperLeg"] = CFrame.new(-0.000723, -0.097399, -0.061041, 0.968440, 0.200204, 0.148457, -0.166806, 0.963194, -0.210766, -0.185201, 0.179377, 0.966198),
      ["LowerTorso"] = CFrame.new(-0.101855, -0.006694, 0.188656, 0.999442, 0.014561, -0.030047, -0.014651, 0.999889, -0.002767, 0.030004, 0.003206, 0.999545),
      ["RightFoot"] = CFrame.new(-0.000000, -0.000130, -0.000103, 0.982472, 0.142613, 0.120082, -0.129720, 0.985528, -0.109121, -0.133870, 0.091633, 0.986749),
      ["RightHand"] = CFrame.new(-0.000500, 0.000000, 0.000000, 0.999992, -0.003397, 0.002252, 0.003462, 0.999559, -0.029487, -0.002151, 0.029495, 0.999563),
      ["RightLowerArm"] = CFrame.new(-0.011635, 0.021005, 0.018331, 1.000000, 0.000000, 0.000000, -0.000000, 0.778554, -0.627577, -0.000000, 0.627577, 0.778554),
      ["RightLowerLeg"] = CFrame.new(0.000000, 0.035051, -0.006466, 1.000000, 0.000000, -0.000000, -0.000000, 0.936040, 0.351869, 0.000000, -0.351893, 0.936049),
      ["RightUpperArm"] = CFrame.new(0.590529, 0.406195, -0.310382, -0.304882, 0.455636, 0.836326, -0.680809, -0.718333, 0.143164, 0.665992, -0.525731, 0.529209),
      ["RightUpperLeg"] = CFrame.new(-0.016717, -0.066244, -0.093048, 0.987323, -0.157720, -0.017958, 0.150440, 0.965816, -0.211075, 0.050605, 0.205729, 0.977305),
      ["UpperTorso"] = CFrame.new(-0.028357, 0.009015, -0.030373, 0.998897, 0.014229, 0.044746, 0.001642, 0.941814, -0.336129, -0.046925, 0.335832, 0.940752)
    }},
    {Time = 0.083, Data = {
      ["Head"] = CFrame.new(-0.003107, 0.068928, 0.157247, 0.636560, -0.733958, -0.236846, 0.761439, 0.646883, 0.041868, 0.122483, -0.206995, 0.970645),
      ["LeftFoot"] = CFrame.new(0.000000, 0.008043, -0.000003, 0.974390, -0.172011, -0.144834, 0.156538, 0.981273, -0.112257, 0.161430, 0.086692, 0.983067),
      ["LeftHand"] = CFrame.new(0.000500, 0.000100, -0.000000, 0.998674, 0.033727, 0.038897, -0.034986, 0.998870, 0.032161, -0.037768, -0.033478, 0.998726),
      ["LeftLowerArm"] = CFrame.new(0.005665, 0.015798, 0.023155, 1.000000, -0.000000, -0.000000, -0.000000, 0.873373, -0.487052, 0.000000, 0.487052, 0.873373),
      ["LeftLowerLeg"] = CFrame.new(-0.000000, 0.037963, -0.004413, 1.000000, -0.000000, -0.000000, 0.000000, 0.954097, 0.299490, 0.000000, -0.299499, 0.954099),
      ["LeftUpperArm"] = CFrame.new(-0.312982, 0.330855, -0.409313, 0.235740, -0.357787, -0.903557, 0.514687, -0.742694, 0.428372, -0.824332, -0.566033, 0.009066),
      ["LeftUpperLeg"] = CFrame.new(-0.000723, -0.097399, -0.061041, 0.968415, 0.200521, 0.148195, -0.166883, 0.962852, -0.212260, -0.185264, 0.180852, 0.965911),
      ["LowerTorso"] = CFrame.new(-0.101855, -0.007460, 0.188666, 0.999442, 0.014561, -0.030047, -0.014651, 0.999889, -0.002767, 0.030004, 0.003206, 0.999545),
      ["RightFoot"] = CFrame.new(-0.000000, -0.000089, -0.000103, 0.982458, 0.142670, 0.120131, -0.129607, 0.985407, -0.110344, -0.134083, 0.092840, 0.986607),
      ["RightHand"] = CFrame.new(-0.000501, 0.000000, 0.000000, 0.999992, -0.003397, 0.002252, 0.003462, 0.999559, -0.029487, -0.002151, 0.029495, 0.999563),
      ["RightLowerArm"] = CFrame.new(-0.011635, 0.021005, 0.018331, 1.000000, 0.000000, 0.000000, -0.000000, 0.778554, -0.627577, -0.000000, 0.627577, 0.778554),
      ["RightLowerLeg"] = CFrame.new(0.000000, 0.035338, -0.006561, 1.000000, 0.000000, -0.000000, -0.000000, 0.935096, 0.354371, 0.000000, -0.354395, 0.935105),
      ["RightUpperArm"] = CFrame.new(0.590529, 0.406195, -0.310382, -0.304882, 0.455636, 0.836326, -0.680809, -0.718333, 0.143164, 0.665992, -0.525731, 0.529209),
      ["RightUpperLeg"] = CFrame.new(-0.016717, -0.066244, -0.093048, 0.987312, -0.157814, -0.017762, 0.150500, 0.965500, -0.212472, 0.050651, 0.207134, 0.977006),
      ["UpperTorso"] = CFrame.new(-0.028341, 0.007874, -0.030380, 0.998897, 0.014229, 0.044746, 0.001642, 0.941814, -0.336129, -0.046925, 0.335832, 0.940752)
    }},
    {Time = 0.100, Data = {
      ["Head"] = CFrame.new(-0.003107, 0.068928, 0.157247, 0.511865, -0.823831, -0.243509, 0.845837, 0.532865, -0.024792, 0.150182, -0.193279, 0.969582),
      ["LeftFoot"] = CFrame.new(-0.000000, 0.008113, -0.000003, 0.974362, -0.172103, -0.144911, 0.156372, 0.981123, -0.113790, 0.161758, 0.088194, 0.982880),
      ["LeftHand"] = CFrame.new(0.000499, 0.000100, 0.000000, 0.998674, 0.033727, 0.038897, -0.034986, 0.998870, 0.032161, -0.037768, -0.033478, 0.998726),
      ["LeftLowerArm"] = CFrame.new(0.005665, 0.015798, 0.023155, 1.000000, -0.000000, -0.000000, -0.000000, 0.873373, -0.487052, 0.000000, 0.487052, 0.873373),
      ["LeftLowerLeg"] = CFrame.new(-0.000000, 0.038349, -0.004514, 1.000000, -0.000000, -0.000000, 0.000000, 0.953076, 0.302723, -0.000000, -0.302732, 0.953079),
      ["LeftUpperArm"] = CFrame.new(-0.312982, 0.330855, -0.409313, 0.235740, -0.357787, -0.903557, 0.514687, -0.742694, 0.428372, -0.824332, -0.566033, 0.009066),
      ["LeftUpperLeg"] = CFrame.new(-0.000723, -0.097399, -0.061041, 0.968384, 0.200899, 0.147882, -0.166975, 0.962441, -0.214045, -0.185341, 0.182612, 0.965565),
      ["LowerTorso"] = CFrame.new(-0.101855, -0.008378, 0.188678, 0.999442, 0.014561, -0.030047, -0.014651, 0.999889, -0.002767, 0.030004, 0.003206, 0.999545),
      ["RightFoot"] = CFrame.new(-0.000000, -0.000041, -0.000103, 0.982441, 0.142738, 0.120188, -0.129471, 0.985260, -0.111806, -0.134339, 0.094282, 0.986435),
      ["RightHand"] = CFrame.new(-0.000500, 0.000000, 0.000000, 0.999992, -0.003397, 0.002252, 0.003462, 0.999559, -0.029487, -0.002151, 0.029495, 0.999563),
      ["RightLowerArm"] = CFrame.new(-0.011635, 0.021004, 0.018331, 1.000000, 0.000000, 0.000000, -0.000000, 0.778554, -0.627577, -0.000000, 0.627577, 0.778554),
      ["RightLowerLeg"] = CFrame.new(-0.000000, 0.035680, -0.006674, 1.000000, 0.000000, -0.000000, -0.000000, 0.933958, 0.357359, 0.000000, -0.357383, 0.933967),
      ["RightUpperArm"] = CFrame.new(0.590530, 0.406195, -0.310382, -0.304882, 0.455636, 0.836326, -0.680809, -0.718333, 0.143164, 0.665992, -0.525731, 0.529209),
      ["RightUpperLeg"] = CFrame.new(-0.016717, -0.066244, -0.093048, 0.987298, -0.157926, -0.017528, 0.150571, 0.965120, -0.214142, 0.050706, 0.208813, 0.976645),
      ["UpperTorso"] = CFrame.new(-0.028321, 0.006504, -0.030388, 0.998897, 0.014229, 0.044746, 0.001642, 0.941814, -0.336129, -0.046925, 0.335832, 0.940752)
    }},
    {Time = 0.117, Data = {
      ["Head"] = CFrame.new(-0.003107, 0.068928, 0.157247, 0.461559, -0.853081, -0.243345, 0.872361, 0.486286, -0.050116, 0.161088, -0.189153, 0.968644),
      ["LeftFoot"] = CFrame.new(-0.000000, 0.008194, -0.000003, 0.974330, -0.172210, -0.145001, 0.156180, 0.980947, -0.115557, 0.162138, 0.089926, 0.982660),
      ["LeftHand"] = CFrame.new(0.000500, 0.000100, 0.000000, 0.998674, 0.033727, 0.038897, -0.034986, 0.998870, 0.032161, -0.037768, -0.033478, 0.998726),
      ["LeftLowerArm"] = CFrame.new(0.005665, 0.015798, 0.023155, 1.000000, -0.000000, -0.000000, -0.000000, 0.873373, -0.487052, 0.000000, 0.487052, 0.873373),
      ["LeftLowerLeg"] = CFrame.new(0.000000, 0.038794, -0.004631, 1.000000, -0.000000, 0.000000, 0.000000, 0.951884, 0.306449, -0.000000, -0.306458, 0.951887),
      ["LeftUpperArm"] = CFrame.new(-0.312982, 0.330855, -0.409313, 0.235740, -0.357787, -0.903557, 0.514687, -0.742694, 0.428372, -0.824332, -0.566033, 0.009066),
      ["LeftUpperLeg"] = CFrame.new(-0.000723, -0.097399, -0.061041, 0.968349, 0.201335, 0.147520, -0.167082, 0.961962, -0.216104, -0.185429, 0.184644, 0.965162),
      ["LowerTorso"] = CFrame.new(-0.101855, -0.009445, 0.188692, 0.999442, 0.014561, -0.030047, -0.014651, 0.999889, -0.002767, 0.030004, 0.003206, 0.999545),
      ["RightFoot"] = CFrame.new(-0.000000, 0.000014, -0.000103, 0.982421, 0.142818, 0.120255, -0.129314, 0.985087, -0.113494, -0.134634, 0.095949, 0.986234),
      ["RightHand"] = CFrame.new(-0.000500, 0.000000, 0.000000, 0.999992, -0.003397, 0.002252, 0.003462, 0.999559, -0.029487, -0.002151, 0.029495, 0.999563),
      ["RightLowerArm"] = CFrame.new(-0.011635, 0.021005, 0.018331, 1.000000, 0.000000, 0.000000, -0.000000, 0.778554, -0.627577, -0.000000, 0.627577, 0.778554),
      ["RightLowerLeg"] = CFrame.new(0.000000, 0.036075, -0.006807, 1.000000, 0.000000, -0.000000, -0.000000, 0.932632, 0.360806, 0.000000, -0.360830, 0.932641),
      ["RightUpperArm"] = CFrame.new(0.590529, 0.406195, -0.310382, -0.304882, 0.455636, 0.836326, -0.680809, -0.718333, 0.143164, 0.665992, -0.525731, 0.529209),
      ["RightUpperLeg"] = CFrame.new(-0.016717, -0.066244, -0.093048, 0.987282, -0.158055, -0.017258, 0.150654, 0.964677, -0.216070, 0.050770, 0.210753, 0.976225),
      ["UpperTorso"] = CFrame.new(-0.028298, 0.004915, -0.030397, 0.998897, 0.014229, 0.044746, 0.001642, 0.941814, -0.336129, -0.046925, 0.335832, 0.940752)
    }},
    {Time = 0.133, Data = {
      ["Head"] = CFrame.new(-0.003107, 0.068928, 0.157247, 0.687839, -0.688274, -0.230555, 0.717363, 0.693048, 0.071234, 0.110757, -0.214390, 0.970448),
      ["LeftFoot"] = CFrame.new(0.000000, 0.008285, -0.000003, 0.974294, -0.172331, -0.145103, 0.155964, 0.980745, -0.117546, 0.162565, 0.091874, 0.982409),
      ["LeftHand"] = CFrame.new(0.000500, 0.000100, -0.000000, 0.998674, 0.033727, 0.038897, -0.034986, 0.998870, 0.032161, -0.037768, -0.033478, 0.998726),
      ["LeftLowerArm"] = CFrame.new(0.005665, 0.015798, 0.023155, 1.000000, -0.000000, -0.000000, -0.000000, 0.873373, -0.487052, 0.000000, 0.487052, 0.873373),
      ["LeftLowerLeg"] = CFrame.new(0.000000, 0.039294, -0.004765, 1.000000, -0.000000, -0.000000, 0.000000, 0.950525, 0.310638, -0.000000, -0.310647, 0.950528),
      ["LeftUpperArm"] = CFrame.new(-0.312982, 0.330855, -0.409313, 0.235740, -0.357787, -0.903557, 0.514687, -0.742694, 0.428372, -0.824332, -0.566033, 0.009066),
      ["LeftUpperLeg"] = CFrame.new(-0.000723, -0.097400, -0.061041, 0.968309, 0.201827, 0.147111, -0.167203, 0.961417, -0.218422, -0.185530, 0.186930, 0.964702),
      ["LowerTorso"] = CFrame.new(-0.101855, -0.010652, 0.188708, 0.999442, 0.014561, -0.030047, -0.014651, 0.999889, -0.002767, 0.030004, 0.003206, 0.999545),
      ["RightFoot"] = CFrame.new(-0.000000, 0.000077, -0.000103, 0.982399, 0.142908, 0.120331, -0.129138, 0.984890, -0.115395, -0.134967, 0.097824, 0.986004),
      ["RightHand"] = CFrame.new(-0.000500, 0.000000, 0.000000, 0.999992, -0.003397, 0.002252, 0.003462, 0.999559, -0.029487, -0.002151, 0.029495, 0.999563),
      ["RightLowerArm"] = CFrame.new(-0.011635, 0.021004, 0.018331, 1.000000, 0.000000, 0.000000, -0.000000, 0.778554, -0.627577, -0.000000, 0.627577, 0.778554),
      ["RightLowerLeg"] = CFrame.new(0.000000, 0.036519, -0.006958, 1.000000, 0.000000, -0.000000, -0.000000, 0.931122, 0.364684, 0.000000, -0.364707, 0.931131),
      ["RightUpperArm"] = CFrame.new(0.590529, 0.406195, -0.310382, -0.304882, 0.455636, 0.836326, -0.680809, -0.718333, 0.143164, 0.665992, -0.525731, 0.529209),
      ["RightUpperLeg"] = CFrame.new(-0.016717, -0.066244, -0.093048, 0.987264, -0.158201, -0.016953, 0.150749, 0.964173, -0.218241, 0.050842, 0.212937, 0.975748),
      ["UpperTorso"] = CFrame.new(-0.028272, 0.003115, -0.030408, 0.998897, 0.014229, 0.044746, 0.001642, 0.941814, -0.336129, -0.046925, 0.335832, 0.940752)
    }},
    {Time = 0.150, Data = {
      ["Head"] = CFrame.new(-0.003107, 0.068928, 0.157247, 0.963312, -0.242417, -0.115170, 0.265376, 0.924432, 0.273865, 0.040077, -0.294381, 0.954848),
      ["LeftFoot"] = CFrame.new(0.000000, 0.008385, -0.000003, 0.974253, -0.172466, -0.145216, 0.155725, 0.980518, -0.119741, 0.163038, 0.094025, 0.982127),
      ["LeftHand"] = CFrame.new(0.000500, 0.000100, 0.000000, 0.998674, 0.033727, 0.038897, -0.034986, 0.998870, 0.032161, -0.037768, -0.033478, 0.998726),
      ["LeftLowerArm"] = CFrame.new(0.005665, 0.015798, 0.023155, 1.000000, -0.000000, -0.000000, -0.000000, 0.873373, -0.487052, 0.000000, 0.487052, 0.873373),
      ["LeftLowerLeg"] = CFrame.new(-0.000000, 0.039845, -0.004915, 1.000000, -0.000000, -0.000000, 0.000000, 0.949003, 0.315257, -0.000000, -0.315266, 0.949006),
      ["LeftUpperArm"] = CFrame.new(-0.312982, 0.330855, -0.409313, 0.235740, -0.357787, -0.903557, 0.514687, -0.742694, 0.428372, -0.824332, -0.566033, 0.009066),
      ["LeftUpperLeg"] = CFrame.new(-0.000723, -0.097400, -0.061041, 0.968264, 0.202371, 0.146658, -0.167337, 0.960809, -0.220980, -0.185642, 0.189453, 0.964188),
      ["LowerTorso"] = CFrame.new(-0.101855, -0.011994, 0.188726, 0.999442, 0.014561, -0.030047, -0.014651, 0.999889, -0.002767, 0.030004, 0.003206, 0.999545),
      ["RightFoot"] = CFrame.new(-0.000000, 0.000145, -0.000103, 0.982374, 0.143009, 0.120416, -0.128942, 0.984667, -0.117496, -0.135336, 0.099898, 0.985746),
      ["RightHand"] = CFrame.new(-0.000500, 0.000000, 0.000000, 0.999992, -0.003397, 0.002252, 0.003462, 0.999559, -0.029487, -0.002151, 0.029495, 0.999563),
      ["RightLowerArm"] = CFrame.new(-0.011635, 0.021004, 0.018331, 1.000000, 0.000000, 0.000000, -0.000000, 0.778554, -0.627577, -0.000000, 0.627577, 0.778554),
      ["RightLowerLeg"] = CFrame.new(0.000000, 0.037009, -0.007126, 1.000000, 0.000000, -0.000000, -0.000000, 0.929434, 0.368965, 0.000000, -0.368987, 0.929443),
      ["RightUpperArm"] = CFrame.new(0.590530, 0.406195, -0.310382, -0.304882, 0.455636, 0.836326, -0.680809, -0.718333, 0.143164, 0.665992, -0.525731, 0.529209),
      ["RightUpperLeg"] = CFrame.new(-0.016717, -0.066244, -0.093048, 0.987244, -0.158363, -0.016616, 0.150853, 0.963610, -0.220641, 0.050923, 0.215351, 0.975213),
      ["UpperTorso"] = CFrame.new(-0.028243, 0.001114, -0.030420, 0.998897, 0.014229, 0.044746, 0.001642, 0.941814, -0.336129, -0.046925, 0.335832, 0.940752)
    }},
    {Time = 0.167, Data = {
      ["Head"] = CFrame.new(-0.003107, 0.068928, 0.157247, 0.999679, 0.017907, -0.017934, -0.010605, 0.938278, 0.345718, 0.023018, -0.345417, 0.938167),
      ["LeftFoot"] = CFrame.new(0.000000, 0.008494, -0.000003, 0.974208, -0.172614, -0.145341, 0.155465, 0.980265, -0.122127, 0.163553, 0.096363, 0.981815),
      ["LeftHand"] = CFrame.new(0.000500, 0.000100, 0.000000, 0.998674, 0.033727, 0.038897, -0.034986, 0.998870, 0.032161, -0.037768, -0.033478, 0.998726),
      ["LeftLowerArm"] = CFrame.new(0.005665, 0.015798, 0.023155, 1.000000, -0.000000, -0.000000, -0.000000, 0.873373, -0.487052, 0.000000, 0.487052, 0.873373),
      ["LeftLowerLeg"] = CFrame.new(0.000000, 0.040443, -0.005081, 1.000000, -0.000000, -0.000000, 0.000000, 0.947322, 0.320274, -0.000000, -0.320282, 0.947325),
      ["LeftUpperArm"] = CFrame.new(-0.312982, 0.330855, -0.409313, 0.235740, -0.357787, -0.903557, 0.514687, -0.742694, 0.428372, -0.824332, -0.566033, 0.009066),
      ["LeftUpperLeg"] = CFrame.new(-0.000723, -0.097399, -0.061041, 0.968215, 0.202962, 0.146164, -0.167485, 0.960139, -0.223763, -0.185765, 0.192197, 0.963621),
      ["LowerTorso"] = CFrame.new(-0.101855, -0.013465, 0.188745, 0.999442, 0.014561, -0.030047, -0.014651, 0.999889, -0.002767, 0.030004, 0.003206, 0.999545),
      ["RightFoot"] = CFrame.new(-0.000000, 0.000219, -0.000103, 0.982346, 0.143120, 0.120509, -0.128728, 0.984419, -0.119783, -0.135738, 0.102155, 0.985459),
      ["RightHand"] = CFrame.new(-0.000500, 0.000000, 0.000000, 0.999992, -0.003397, 0.002252, 0.003462, 0.999559, -0.029487, -0.002151, 0.029495, 0.999563),
      ["RightLowerArm"] = CFrame.new(-0.011635, 0.021004, 0.018331, 1.000000, 0.000000, 0.000000, -0.000000, 0.778554, -0.627577, -0.000000, 0.627577, 0.778554),
      ["RightLowerLeg"] = CFrame.new(0.000000, 0.037541, -0.007312, 1.000000, 0.000000, -0.000000, -0.000000, 0.927574, 0.373618, 0.000000, -0.373640, 0.927583),
      ["RightUpperArm"] = CFrame.new(0.590530, 0.406195, -0.310382, -0.304882, 0.455636, 0.836326, -0.680809, -0.718333, 0.143164, 0.665992, -0.525731, 0.529209),
      ["RightUpperLeg"] = CFrame.new(-0.016717, -0.066244, -0.093048, 0.987222, -0.158539, -0.016248, 0.150968, 0.962990, -0.223254, 0.051012, 0.217980, 0.974625),
      ["UpperTorso"] = CFrame.new(-0.028212, -0.001078, -0.030434, 0.998897, 0.014229, 0.044746, 0.001642, 0.941814, -0.336129, -0.046925, 0.335832, 0.940752)
    }},
    {Time = 0.183, Data = {
      ["Head"] = CFrame.new(-0.003107, 0.068928, 0.157247, 0.999679, 0.017906, -0.017934, -0.010604, 0.938279, 0.345716, 0.023018, -0.345415, 0.938168),
      ["LeftFoot"] = CFrame.new(0.000000, 0.008610, -0.000003, 0.974159, -0.172774, -0.145476, 0.155185, 0.979986, -0.124691, 0.164107, 0.098874, 0.981473),
      ["LeftHand"] = CFrame.new(0.000500, 0.000100, -0.000000, 0.998674, 0.033727, 0.038897, -0.034986, 0.998870, 0.032161, -0.037768, -0.033478, 0.998726),
      ["LeftLowerArm"] = CFrame.new(0.005665, 0.015798, 0.023155, 1.000000, -0.000000, -0.000000, -0.000000, 0.873373, -0.487052, 0.000000, 0.487052, 0.873373),
      ["LeftLowerLeg"] = CFrame.new(0.000000, 0.041084, -0.005263, 1.000000, -0.000000, -0.000000, 0.000000, 0.945485, 0.325656, -0.000000, -0.325665, 0.945488),
      ["LeftUpperArm"] = CFrame.new(-0.312982, 0.330855, -0.409313, 0.235740, -0.357787, -0.903557, 0.514687, -0.742694, 0.428372, -0.824332, -0.566033, 0.009066),
      ["LeftUpperLeg"] = CFrame.new(-0.000723, -0.097399, -0.061041, 0.968162, 0.203599, 0.145631, -0.167646, 0.959409, -0.226753, -0.185898, 0.195146, 0.963003),
      ["LowerTorso"] = CFrame.new(-0.101855, -0.015059, 0.188766, 0.999442, 0.014561, -0.030047, -0.014651, 0.999889, -0.002767, 0.030004, 0.003206, 0.999545),
      ["RightFoot"] = CFrame.new(0.000000, 0.000298, -0.000103, 0.982316, 0.143239, 0.120610, -0.128498, 0.984147, -0.122243, -0.136171, 0.104582, 0.985145),
      ["RightHand"] = CFrame.new(-0.000500, 0.000000, 0.000000, 0.999992, -0.003397, 0.002252, 0.003462, 0.999559, -0.029487, -0.002151, 0.029495, 0.999563),
      ["RightLowerArm"] = CFrame.new(-0.011635, 0.021005, 0.018331, 1.000000, 0.000000, 0.000000, -0.000000, 0.778554, -0.627577, -0.000000, 0.627577, 0.778554),
      ["RightLowerLeg"] = CFrame.new(0.000000, 0.038112, -0.007515, 1.000000, 0.000000, -0.000000, -0.000000, 0.925546, 0.378615, 0.000000, -0.378636, 0.925554),
      ["RightUpperArm"] = CFrame.new(0.590529, 0.406195, -0.310382, -0.304882, 0.455636, 0.836326, -0.680809, -0.718333, 0.143164, 0.665992, -0.525731, 0.529209),
      ["RightUpperLeg"] = CFrame.new(-0.016717, -0.066244, -0.093048, 0.987197, -0.158729, -0.015852, 0.151093, 0.962315, -0.226065, 0.051108, 0.220807, 0.973983),
      ["UpperTorso"] = CFrame.new(-0.028178, -0.003454, -0.030448, 0.998897, 0.014229, 0.044746, 0.001642, 0.941814, -0.336129, -0.046925, 0.335832, 0.940752)
    }},
    {Time = 0.200, Data = {
      ["Head"] = CFrame.new(-0.003107, 0.068928, 0.157247, 0.999679, 0.017900, -0.017936, -0.010598, 0.938281, 0.345713, 0.023018, -0.345412, 0.938169),
      ["LeftFoot"] = CFrame.new(-0.000000, 0.008733, -0.000003, 0.974107, -0.172947, -0.145621, 0.154887, 0.979683, -0.127418, 0.164698, 0.101544, 0.981101),
      ["LeftHand"] = CFrame.new(0.000500, 0.000100, 0.000000, 0.998674, 0.033727, 0.038897, -0.034986, 0.998870, 0.032161, -0.037768, -0.033478, 0.998726),
      ["LeftLowerArm"] = CFrame.new(0.005665, 0.015798, 0.023155, 1.000000, -0.000000, -0.000000, -0.000000, 0.873373, -0.487052, 0.000000, 0.487052, 0.873373),
      ["LeftLowerLeg"] = CFrame.new(-0.000000, 0.041765, -0.005459, 1.000000, -0.000000, -0.000000, 0.000000, 0.943497, 0.331373, -0.000000, -0.331381, 0.943500),
      ["LeftUpperArm"] = CFrame.new(-0.312982, 0.330855, -0.409313, 0.235740, -0.357787, -0.903557, 0.514687, -0.742694, 0.428372, -0.824332, -0.566033, 0.009066),
      ["LeftUpperLeg"] = CFrame.new(-0.000723, -0.097399, -0.061041, 0.968104, 0.204277, 0.145062, -0.167819, 0.958621, -0.229933, -0.186042, 0.198283, 0.962334),
      ["LowerTorso"] = CFrame.new(-0.101855, -0.016769, 0.188789, 0.999442, 0.014561, -0.030047, -0.014651, 0.999889, -0.002767, 0.030004, 0.003206, 0.999545),
      ["RightFoot"] = CFrame.new(-0.000000, 0.000382, -0.000103, 0.982284, 0.143368, 0.120718, -0.128253, 0.983850, -0.124863, -0.136633, 0.107167, 0.984803),
      ["RightHand"] = CFrame.new(-0.000500, 0.000000, 0.000000, 0.999992, -0.003397, 0.002252, 0.003462, 0.999559, -0.029487, -0.002151, 0.029495, 0.999563),
      ["RightLowerArm"] = CFrame.new(-0.011635, 0.021004, 0.018331, 1.000000, 0.000000, 0.000000, -0.000000, 0.778554, -0.627577, -0.000000, 0.627577, 0.778554),
      ["RightLowerLeg"] = CFrame.new(0.000000, 0.038718, -0.007734, 1.000000, 0.000000, -0.000000, -0.000000, 0.923355, 0.383927, 0.000000, -0.383948, 0.923363),
      ["RightUpperArm"] = CFrame.new(0.590529, 0.406195, -0.310382, -0.304882, 0.455636, 0.836326, -0.680809, -0.718333, 0.143164, 0.665992, -0.525731, 0.529209),
      ["RightUpperLeg"] = CFrame.new(-0.016717, -0.066244, -0.093048, 0.987172, -0.158931, -0.015429, 0.151227, 0.961585, -0.229059, 0.051212, 0.223818, 0.973290),
      ["UpperTorso"] = CFrame.new(-0.028141, -0.006003, -0.030464, 0.998897, 0.014229, 0.044746, 0.001642, 0.941814, -0.336129, -0.046925, 0.335832, 0.940752)
    }},
    {Time = 0.217, Data = {
      ["Head"] = CFrame.new(-0.003107, 0.068928, 0.157247, 0.999679, 0.017892, -0.017940, -0.010589, 0.938282, 0.345709, 0.023018, -0.345408, 0.938170),
      ["LeftFoot"] = CFrame.new(0.000000, 0.008862, -0.000003, 0.974051, -0.173131, -0.145776, 0.154572, 0.979354, -0.130292, 0.165323, 0.104358, 0.980700),
      ["LeftHand"] = CFrame.new(0.000499, 0.000100, 0.000000, 0.998674, 0.033727, 0.038897, -0.034986, 0.998870, 0.032161, -0.037768, -0.033478, 0.998726),
      ["LeftLowerArm"] = CFrame.new(0.005665, 0.015798, 0.023155, 1.000000, -0.000000, -0.000000, -0.000000, 0.873373, -0.487052, 0.000000, 0.487052, 0.873373),
      ["LeftLowerLeg"] = CFrame.new(0.000000, 0.042480, -0.005669, 1.000000, -0.000000, -0.000000, 0.000000, 0.941361, 0.337392, -0.000000, -0.337400, 0.941364),
      ["LeftUpperArm"] = CFrame.new(-0.312982, 0.330855, -0.409313, 0.235740, -0.357787, -0.903557, 0.514687, -0.742694, 0.428372, -0.824332, -0.566033, 0.009066),
      ["LeftUpperLeg"] = CFrame.new(-0.000723, -0.097399, -0.061041, 0.968043, 0.204993, 0.144460, -0.168003, 0.957778, -0.233288, -0.186194, 0.201590, 0.961617),
      ["LowerTorso"] = CFrame.new(-0.101855, -0.018590, 0.188813, 0.999442, 0.014561, -0.030047, -0.014651, 0.999889, -0.002767, 0.030004, 0.003206, 0.999545),
      ["RightFoot"] = CFrame.new(-0.000000, 0.000470, -0.000103, 0.982250, 0.143506, 0.120834, -0.127993, 0.983529, -0.127630, -0.137122, 0.109897, 0.984434),
      ["RightHand"] = CFrame.new(-0.000501, 0.000000, 0.000000, 0.999992, -0.003397, 0.002252, 0.003462, 0.999559, -0.029487, -0.002151, 0.029495, 0.999563),
      ["RightLowerArm"] = CFrame.new(-0.011635, 0.021004, 0.018331, 1.000000, 0.000000, 0.000000, -0.000000, 0.778554, -0.627577, -0.000000, 0.627577, 0.778554),
      ["RightLowerLeg"] = CFrame.new(-0.000000, 0.039357, -0.007968, 1.000000, 0.000000, -0.000000, -0.000000, 0.921006, 0.389528, 0.000000, -0.389548, 0.921015),
      ["RightUpperArm"] = CFrame.new(0.590529, 0.406195, -0.310382, -0.304882, 0.455636, 0.836326, -0.680809, -0.718333, 0.143164, 0.665992, -0.525731, 0.529209),
      ["RightUpperLeg"] = CFrame.new(-0.016717, -0.066244, -0.093048, 0.987144, -0.159146, -0.014982, 0.151371, 0.960804, -0.232221, 0.051322, 0.226999, 0.972548),
      ["UpperTorso"] = CFrame.new(-0.028102, -0.008717, -0.030480, 0.998897, 0.014229, 0.044746, 0.001642, 0.941814, -0.336129, -0.046925, 0.335832, 0.940752)
    }},
    {Time = 0.233, Data = {
      ["Head"] = CFrame.new(-0.003107, 0.068928, 0.157247, 0.999679, 0.017880, -0.017944, -0.010576, 0.938284, 0.345705, 0.023018, -0.345404, 0.938172),
      ["LeftFoot"] = CFrame.new(-0.000000, 0.008997, -0.000003, 0.973992, -0.173326, -0.145941, 0.154242, 0.979001, -0.133302, 0.165980, 0.107304, 0.980271),
      ["LeftHand"] = CFrame.new(0.000500, 0.000100, -0.000000, 0.998674, 0.033727, 0.038897, -0.034986, 0.998870, 0.032161, -0.037768, -0.033478, 0.998726),
      ["LeftLowerArm"] = CFrame.new(0.005665, 0.015798, 0.023155, 1.000000, -0.000000, -0.000000, -0.000000, 0.873373, -0.487052, 0.000000, 0.487052, 0.873373),
      ["LeftLowerLeg"] = CFrame.new(0.000000, 0.043228, -0.005894, 1.000000, -0.000000, -0.000000, 0.000000, 0.939083, 0.343684, -0.000000, -0.343691, 0.939085),
      ["LeftUpperArm"] = CFrame.new(-0.312982, 0.330855, -0.409313, 0.235740, -0.357787, -0.903557, 0.514687, -0.742694, 0.428372, -0.824332, -0.566033, 0.009066),
      ["LeftUpperLeg"] = CFrame.new(-0.000723, -0.097399, -0.061041, 0.967978, 0.205745, 0.143826, -0.168198, 0.956881, -0.236801, -0.186356, 0.205054, 0.960854),
      ["LowerTorso"] = CFrame.new(-0.101855, -0.020515, 0.188838, 0.999442, 0.014561, -0.030047, -0.014651, 0.999889, -0.002767, 0.030004, 0.003206, 0.999545),
      ["RightFoot"] = CFrame.new(-0.000000, 0.000562, -0.000103, 0.982214, 0.143651, 0.120957, -0.127720, 0.983184, -0.130531, -0.137636, 0.112758, 0.984038),
      ["RightHand"] = CFrame.new(-0.000500, 0.000000, 0.000000, 0.999992, -0.003397, 0.002252, 0.003462, 0.999559, -0.029487, -0.002151, 0.029495, 0.999563),
      ["RightLowerArm"] = CFrame.new(-0.011635, 0.021005, 0.018331, 1.000000, 0.000000, 0.000000, -0.000000, 0.778554, -0.627577, -0.000000, 0.627577, 0.778554),
      ["RightLowerLeg"] = CFrame.new(0.000000, 0.040025, -0.008218, 1.000000, 0.000000, -0.000000, -0.000000, 0.918506, 0.395387, 0.000000, -0.395407, 0.918514),
      ["RightUpperArm"] = CFrame.new(0.590530, 0.406195, -0.310382, -0.304882, 0.455636, 0.836326, -0.680809, -0.718333, 0.143164, 0.665992, -0.525731, 0.529209),
      ["RightUpperLeg"] = CFrame.new(-0.016717, -0.066244, -0.093048, 0.987114, -0.159372, -0.014512, 0.151522, 0.959972, -0.235536, 0.051439, 0.230334, 0.971757),
      ["UpperTorso"] = CFrame.new(-0.028061, -0.011586, -0.030498, 0.998897, 0.014229, 0.044746, 0.001642, 0.941814, -0.336129, -0.046925, 0.335832, 0.940752)
    }},
    {Time = 0.250, Data = {
      ["Head"] = CFrame.new(-0.003107, 0.068928, 0.157247, 0.999679, 0.017865, -0.017950, -0.010560, 0.938286, 0.345700, 0.023019, -0.345399, 0.938173),
      ["LeftFoot"] = CFrame.new(0.000000, 0.009136, -0.000003, 0.973929, -0.173531, -0.146114, 0.153898, 0.978624, -0.136432, 0.166664, 0.110368, 0.979815),
      ["LeftHand"] = CFrame.new(0.000500, 0.000100, 0.000000, 0.998674, 0.033727, 0.038897, -0.034986, 0.998870, 0.032161, -0.037768, -0.033478, 0.998726),
      ["LeftLowerArm"] = CFrame.new(0.005665, 0.015798, 0.023155, 1.000000, -0.000000, -0.000000, -0.000000, 0.873373, -0.487052, 0.000000, 0.487052, 0.873373),
      ["LeftLowerLeg"] = CFrame.new(-0.000000, 0.044004, -0.006133, 1.000000, -0.000000, -0.000000, 0.000000, 0.936666, 0.350218, -0.000000, -0.350225, 0.936668),
      ["LeftUpperArm"] = CFrame.new(-0.312982, 0.330855, -0.409313, 0.235740, -0.357787, -0.903557, 0.514687, -0.742694, 0.428372, -0.824332, -0.566033, 0.009066),
      ["LeftUpperLeg"] = CFrame.new(-0.000723, -0.097399, -0.061041, 0.967909, 0.206528, 0.143163, -0.168403, 0.955933, -0.240456, -0.186527, 0.208658, 0.960044),
      ["LowerTorso"] = CFrame.new(-0.101855, -0.022538, 0.188865, 0.999442, 0.014561, -0.030047, -0.014651, 0.999889, -0.002767, 0.030004, 0.003206, 0.999545),
      ["RightFoot"] = CFrame.new(-0.000000, 0.000657, -0.000103, 0.982175, 0.143805, 0.121086, -0.127435, 0.982815, -0.133553, -0.138173, 0.115739, 0.983617),
      ["RightHand"] = CFrame.new(-0.000500, 0.000000, 0.000000, 0.999992, -0.003397, 0.002252, 0.003462, 0.999559, -0.029487, -0.002151, 0.029495, 0.999563),
      ["RightLowerArm"] = CFrame.new(-0.011635, 0.021005, 0.018331, 1.000000, 0.000000, 0.000000, -0.000000, 0.778554, -0.627577, -0.000000, 0.627577, 0.778554),
      ["RightLowerLeg"] = CFrame.new(-0.000000, 0.040719, -0.008482, 1.000000, 0.000000, -0.000000, -0.000000, 0.915860, 0.401478, 0.000000, -0.401497, 0.915869),
      ["RightUpperArm"] = CFrame.new(0.590529, 0.406195, -0.310382, -0.304882, 0.455636, 0.836326, -0.680809, -0.718333, 0.143164, 0.665992, -0.525731, 0.529209),
      ["RightUpperLeg"] = CFrame.new(-0.016717, -0.066244, -0.093048, 0.987084, -0.159607, -0.014021, 0.151682, 0.959093, -0.238989, 0.051562, 0.233808, 0.970921),
      ["UpperTorso"] = CFrame.new(-0.028017, -0.014602, -0.030516, 0.998897, 0.014229, 0.044746, 0.001642, 0.941814, -0.336129, -0.046925, 0.335832, 0.940752)
    }},
    {Time = 0.267, Data = {
      ["Head"] = CFrame.new(-0.003107, 0.068928, 0.157247, 0.999679, 0.017847, -0.017958, -0.010541, 0.938288, 0.345694, 0.023019, -0.345394, 0.938175),
      ["LeftFoot"] = CFrame.new(-0.000000, 0.009281, -0.000003, 0.973864, -0.173747, -0.146295, 0.153541, 0.978224, -0.139670, 0.167375, 0.113537, 0.979331),
      ["LeftHand"] = CFrame.new(0.000499, 0.000100, -0.000000, 0.998674, 0.033727, 0.038897, -0.034986, 0.998870, 0.032161, -0.037768, -0.033478, 0.998726),
