return {
	["panda idle"] = {
		{Time = 0, Data = {
			["HumanoidRootPart"] = CFrame.new(0, 0, 0, 1, 0, 0, 0, 1, 0, 0, 0, 1),
			["LowerTorso"] = CFrame.new(0, 0.61171, 0, 1, 0, 0, 0, 1, 0, 0, 0, 1),
			["UpperTorso"] = CFrame.new(0, 0, 0, 1, 0, 0, 0, 1, 0, 0, 0, 1),
			["LeftUpperArm"] = CFrame.new(0, 0.00001, 0, 0.92915, 0.3697, 0, -0.3697, 0.92915, 0, 0, 0, 1),
			["LeftLowerArm"] = CFrame.new(0.00002, -0.00001, 0, 1, 0, 0, 0, 0.96286, -0.26999, 0, 0.26999, 0.96286),
			["RightUpperArm"] = CFrame.new(-0.00002, 0, 0.00002, 0.97016, -0.24247, 0, 0.21698, 0.86815, -0.44635, 0.10823, 0.43303, 0.89486),
			["RightLowerArm"] = CFrame.new(0, 0, 0.00001, 1, 0, 0, 0, 0.97555, -0.21976, 0, 0.21976, 0.97555),
			["LeftUpperLeg"] = CFrame.new(0, 0, 0, 1, 0, 0, 0, 1, 0, 0, 0, 1),
			["LeftLowerLeg"] = CFrame.new(-0.00002, 0, 0.00001, 1, 0, 0, 0, 0.96254, 0.27113, 0, -0.27113, 0.96254),
			["RightUpperLeg"] = CFrame.new(0, 0, 0, 1, 0, 0, 0, 1, 0, 0, 0, 1),
			["RightLowerLeg"] = CFrame.new(0, -0.00001, 0.00001, 0.99998, -0.00607, -0.00308, 0.0068, 0.89188, 0.45222, 0, -0.45223, 0.8919),
		}},
		{Time = 0.16667, Data = {
			["HumanoidRootPart"] = CFrame.new(0, 0, 0, 1, 0, 0, 0, 1, 0, 0, 0, 1),
			["LowerTorso"] = CFrame.new(0, 0, 0, 1, 0, 0, 0, 1, 0, 0, 0, 1),
			["UpperTorso"] = CFrame.new(0, 0, 0, 1, 0, 0, 0, 1, 0, 0, 0, 1),
			["LeftUpperArm"] = CFrame.new(0, 0.00001, 0, 0.92915, 0.3697, 0, -0.3697, 0.92915, 0, 0, 0, 1),
			["LeftLowerArm"] = CFrame.new(0.00002, -0.00001, 0, 1, 0, 0, 0, 0.96286, -0.26999, 0, 0.26999, 0.96286),
			["RightUpperArm"] = CFrame.new(-0.00002, 0, 0.00002, 0.97016, -0.24247, 0, 0.21698, 0.86815, -0.44635, 0.10823, 0.43303, 0.89486),
			["RightLowerArm"] = CFrame.new(0, 0, 0.00001, 1, 0, 0, 0, 0.97555, -0.21976, 0, 0.21976, 0.97555),
			["RightUpperLeg"] = CFrame.new(0, 0, 0, 1, 0, 0, 0, 1, 0, 0, 0, 1),
			["RightLowerLeg"] = CFrame.new(0, -0.00001, 0.00001, 0.99998, -0.00607, -0.00308, 0.0068, 0.89188, 0.45222, 0, -0.45223, 0.8919),
			["LeftUpperLeg"] = CFrame.new(0, 0, 0, 1, 0, 0, 0, 1, 0, 0, 0, 1),
			["LeftLowerLeg"] = CFrame.new(-0.00002, 0, 0.00001, 1, 0, 0, 0, 0.96254, 0.27113, 0, -0.27113, 0.96254),
		}},
		{Time = 0.83333, Data = {
			["HumanoidRootPart"] = CFrame.new(0, 0, 0, 1, 0, 0, 0, 1, 0, 0, 0, 1),
			["LowerTorso"] = CFrame.new(0, 0.00729, 0, 1, 0, 0, 0, 1, 0, 0, 0, 1),
		}},
		{Time = 1.26625, Data = {
			["HumanoidRootPart"] = CFrame.new(0, 0, 0, 1, 0, 0, 0, 1, 0, 0, 0, 1),
			["LowerTorso"] = CFrame.new(0, 0, 0, 1, 0, 0, 0, 1, 0, 0, 0, 1),
			["UpperTorso"] = CFrame.new(0, 0, 0, 1, 0, 0, 0, 1, 0, 0, 0, 1),
			["LeftUpperArm"] = CFrame.new(0, 0, 0, 1, 0, 0, 0, 1, 0, 0, 0, 1),
			["LeftLowerArm"] = CFrame.new(0.00003, -0.00001, 0, 0.99576, -0.09147, 0.00965, 0.08885, 0.92955, -0.35784, 0.02376, 0.35718, 0.93373),
			["RightUpperArm"] = CFrame.new(0, 0, 0, 1, 0, 0, 0, 1, 0, 0, 0, 1),
			["RightLowerArm"] = CFrame.new(0.00003, 0.00006, -0.00002, 0.99316, 0.11678, 0, -0.11393, 0.96888, -0.21975, -0.02566, 0.21824, 0.97556),
		}},
		{Time = 1.66667, Data = {
			["HumanoidRootPart"] = CFrame.new(0, 0, 0, 1, 0, 0, 0, 1, 0, 0, 0, 1),
			["LowerTorso"] = CFrame.new(0, 0.60668, 0, 1, 0, 0, 0, 1, 0, 0, 0, 1),
		}},
		{Time = 2.14875, Data = {
			["HumanoidRootPart"] = CFrame.new(0, 0, 0, 1, 0, 0, 0, 1, 0, 0, 0, 1),
			["LowerTorso"] = CFrame.new(0, 0, 0, 1, 0, 0, 0, 1, 0, 0, 0, 1),
			["LeftUpperLeg"] = CFrame.new(0, 0, 0, 0.98394, 0.17848, 0, -0.17848, 0.98394, 0, 0, 0, 1),
			["LeftLowerLeg"] = CFrame.new(-0.00002, 0, 0, 0.99832, 0.00719, -0.05746, 0.0157, 0.92149, 0.3881, 0.05574, -0.38835, 0.91983),
			["RightUpperLeg"] = CFrame.new(0, -0.0001, 0, 0.99268, -0.1208, 0, 0.1208, 0.99268, 0, 0, 0, 1),
			["RightLowerLeg"] = CFrame.new(0, 0, 0.00002, 0.99998, -0.00586, -0.00345, 0.0068, 0.86135, 0.50796, 0, -0.50797, 0.86137),
		}},
		{Time = 2.5, Data = {
			["HumanoidRootPart"] = CFrame.new(0, 0, 0, 1, 0, 0, 0, 1, 0, 0, 0, 1),
			["LowerTorso"] = CFrame.new(0, 0.0465, 0, 1, 0, 0, 0, 1, 0, 0, 0, 1),
		}},
		{Time = 3.25375, Data = {
			["HumanoidRootPart"] = CFrame.new(0, 0, 0, 1, 0, 0, 0, 1, 0, 0, 0, 1),
			["LowerTorso"] = CFrame.new(0, 0, 0, 1, 0, 0, 0, 1, 0, 0, 0, 1),
			["LeftUpperLeg"] = CFrame.new(0.00002, -0.0001, 0, 0.99777, 0.06676, 0, -0.06676, 0.99777, 0, 0, 0, 1),
			["RightUpperLeg"] = CFrame.new(0, -0.0001, 0, 0.99979, 0.02068, 0, -0.02068, 0.99979, 0, 0, 0, 1),
		}},
		{Time = 3.33333, Data = {
			["HumanoidRootPart"] = CFrame.new(0, 0, 0, 1, 0, 0, 0, 1, 0, 0, 0, 1),
			["LowerTorso"] = CFrame.new(0, 0.7526, 0, 1, 0, 0, 0, 1, 0, 0, 0, 1),
		}},
		{Time = 4.16667, Data = {
			["HumanoidRootPart"] = CFrame.new(0, 0, 0, 1, 0, 0, 0, 1, 0, 0, 0, 1),
			["LowerTorso"] = CFrame.new(0, 0.14949, 0, 1, 0, 0, 0, 1, 0, 0, 0, 1),
		}},
		{Time = 5, Data = {
			["HumanoidRootPart"] = CFrame.new(0, 0, 0, 1, 0, 0, 0, 1, 0, 0, 0, 1),
			["LowerTorso"] = CFrame.new(0, 0.69736, 0, 1, 0, 0, 0, 1, 0, 0, 0, 1),
			["UpperTorso"] = CFrame.new(0, 0, 0, 1, 0, 0, 0, 1, 0, 0, 0, 1),
			["LeftUpperArm"] = CFrame.new(0, 0, 0, 1, 0, 0, 0, 1, 0, 0, 0, 1),
			["LeftLowerArm"] = CFrame.new(0.00003, 0.00001, -0.00001, 1, 0, 0, 0, 0.97581, -0.21863, 0, 0.21863, 0.97581),
		}},
	}
}
