-- Generated from yuranim.com
return {
	["testanim"] = {
		{Time = 0.0, Data = {
			["HumanoidRootPart"] = CFrame.new(0, 0, 0, 1, 0, 0, 0, 1, 0, 0, 0, 1),
			["LowerTorso"] = CFrame.new(0, 0, 0, 1, 0, 0, 0, 1, 0, 0, 0, 1),
			["UpperTorso"] = CFrame.new(0.00001, 0, -0.00001, 1, 0, 0, 0, 0.99709, -0.00135, 0, 0.00135, 0.99709),
			["Head"] = CFrame.new(-0.03644, -0.00835, 0, 1, 0, 0, 0, 1, 0, 0, 0, 1),
			["LeftUpperArm"] = CFrame.new(0, 0, 0, 1, 0, 0, 0, 0.97967, 0.20059, 0, -0.20059, 0.97967),
			["LeftLowerArm"] = CFrame.new(0, 0, 0.00001, 1, 0, 0, 0, 0.99664, 0.08187, 0, -0.08187, 0.99664),
			["RightUpperArm"] = CFrame.new(0.00228, 0.00007, 0.00151, 0.99996, 0.00344, 0.00857, 0.00801, -0.78586, -0.61835, 0.00461, 0.61839, -0.78586),
			["RightLowerArm"] = CFrame.new(-0.00004, 0, 0.00003, 0.49018, 0.87032, -0.04761, -0.80811, 0.47425, 0.34936, 0.32663, -0.13278, 0.93578),
			["LeftUpperLeg"] = CFrame.new(0, 0, 0, 0.99134, 0.09218, 0.09351, -0.08495, 0.99328, -0.07857, -0.10012, 0.06995, 0.99251),
			["LeftLowerLeg"] = CFrame.new(-0.00003, 0, 0.00001, 0.99722, -0.05498, 0.05027, 0.05029, 0.99465, 0.09028, -0.05497, -0.0875, 0.99465),
			["RightUpperLeg"] = CFrame.new(-0.00002, 0, -0.00001, 0.98338, -0.06053, -0.17115, 0.04722, 0.99561, -0.08076, 0.17528, 0.07134, 0.98193),
			["RightLowerLeg"] = CFrame.new(-0.00003, 0, 0, 0.99835, 0.05737, 0, -0.05717, 0.9949, 0.08305, 0.00476, -0.08292, 0.99655),
		}},
		{Time = 0.03333, Data = {
			["HumanoidRootPart"] = CFrame.new(0, 0, 0, 1, 0, 0, 0, 1, 0, 0, 0, 1),
			["LowerTorso"] = CFrame.new(0, 0, 0, 1, 0, 0, 0, 1, 0, 0, 0, 1),
			["UpperTorso"] = CFrame.new(0.00001, 0, -0.00001, 1, 0, 0, 0, 0.99709, -0.00107, 0, 0.00107, 0.99709),
			["Head"] = CFrame.new(-0.03635, -0.00836, 0, 1, 0, 0, 0, 1, 0, 0, 0, 1),
			["LeftUpperArm"] = CFrame.new(0, 0, 0, 1, 0, 0, 0, 0.97967, 0.20059, 0, -0.20059, 0.97967),
			["LeftLowerArm"] = CFrame.new(0, 0, 0.00001, 1, 0, 0, 0, 0.99664, 0.08187, 0, -0.08187, 0.99664),
			["RightUpperArm"] = CFrame.new(0.00228, 0.00007, 0.00151, 0.99996, 0.00344, 0.00857, 0.00801, -0.78586, -0.61835, 0.00461, 0.61839, -0.78586),
			["RightLowerArm"] = CFrame.new(-0.00004, 0, 0.00003, 0.49018, 0.87032, -0.04761, -0.80811, 0.47425, 0.34936, 0.32663, -0.13278, 0.93578),
			["LeftUpperLeg"] = CFrame.new(0, 0, 0, 0.99134, 0.09218, 0.09351, -0.08495, 0.99328, -0.07857, -0.10012, 0.06995, 0.99251),
			["LeftLowerLeg"] = CFrame.new(-0.00003, 0, 0.00001, 0.99722, -0.05498, 0.05027, 0.05029, 0.99465, 0.09028, -0.05497, -0.0875, 0.99465),
			["RightUpperLeg"] = CFrame.new(-0.00002, 0, -0.00001, 0.98338, -0.06053, -0.17115, 0.04722, 0.99561, -0.08076, 0.17528, 0.07134, 0.98193),
			["RightLowerLeg"] = CFrame.new(-0.00003, 0, 0, 0.99835, 0.05737, 0, -0.05717, 0.9949, 0.08305, 0.00476, -0.08292, 0.99655),
		}},
		{Time = 0.06667, Data = {
			["HumanoidRootPart"] = CFrame.new(0, 0, 0, 1, 0, 0, 0, 1, 0, 0, 0, 1),
			["LowerTorso"] = CFrame.new(0, 0, 0, 1, 0, 0, 0, 1, 0, 0, 0, 1),
			["UpperTorso"] = CFrame.new(0.00001, 0, -0.00001, 1, 0, 0, 0, 0.99709, -0.00105, 0, 0.00105, 0.99709),
			["Head"] = CFrame.new(-0.03632, -0.00837, 0, 1, 0, 0, 0, 1, 0, 0, 0, 1),
			["LeftUpperArm"] = CFrame.new(0, 0, 0, 1, 0, 0, 0, 0.97967, 0.20059, 0, -0.20059, 0.97967),
			["LeftLowerArm"] = CFrame.new(0, 0, 0.00001, 1, 0, 0, 0, 0.99664, 0.08187, 0, -0.08187, 0.99664),
			["RightUpperArm"] = CFrame.new(0.00228, 0.00007, 0.00151, 0.99996, 0.00344, 0.00857, 0.00801, -0.78586, -0.61835, 0.00461, 0.61839, -0.78586),
			["RightLowerArm"] = CFrame.new(-0.00004, 0, 0.00003, 0.49018, 0.87032, -0.04761, -0.80811, 0.47425, 0.34936, 0.32663, -0.13278, 0.93578),
			["LeftUpperLeg"] = CFrame.new(0, 0, 0, 0.99134, 0.09218, 0.09351, -0.08495, 0.99328, -0.07857, -0.10012, 0.06995, 0.99251),
			["LeftLowerLeg"] = CFrame.new(-0.00003, 0, 0.00001, 0.99722, -0.05498, 0.05027, 0.05029, 0.99465, 0.09028, -0.05497, -0.0875, 0.99465),
			["RightUpperLeg"] = CFrame.new(-0.00002, 0, -0.00001, 0.98338, -0.06053, -0.17115, 0.04722, 0.99561, -0.08076, 0.17528, 0.07134, 0.98193),
			["RightLowerLeg"] = CFrame.new(-0.00003, 0, 0, 0.99835, 0.05737, 0, -0.05717, 0.9949, 0.08305, 0.00476, -0.08292, 0.99655),
		}},
		{Time = 0.1, Data = {
			["HumanoidRootPart"] = CFrame.new(0, 0, 0, 1, 0, 0, 0, 1, 0, 0, 0, 1),
			["LowerTorso"] = CFrame.new(0, 0, 0, 1, 0, 0, 0, 1, 0, 0, 0, 1),
			["UpperTorso"] = CFrame.new(0.00001, 0, -0.00001, 1, 0, 0, 0, 0.99709, -0.00100, 0, 0.00100, 0.99709),
			["Head"] = CFrame.new(-0.03633, -0.00843, 0, 1, 0, 0, 0, 1, 0, 0, 0, 1),
			["LeftUpperArm"] = CFrame.new(0, 0, 0, 1, 0, 0, 0, 0.97967, 0.20059, 0, -0.20059, 0.97967),
			["LeftLowerArm"] = CFrame.new(0, 0, 0.00001, 1, 0, 0, 0, 0.99664, 0.08187, 0, -0.08187, 0.99664),
			["RightUpperArm"] = CFrame.new(0.00228, 0.00007, 0.00151, 0.99996, 0.00344, 0.00857, 0.00801, -0.78586, -0.61835, 0.00461, 0.61839, -0.78586),
			["RightLowerArm"] = CFrame.new(-0.00004, 0, 0.00003, 0.49018, 0.87032, -0.04761, -0.80811, 0.47425, 0.34936, 0.32663, -0.13278, 0.93578),
			["LeftUpperLeg"] = CFrame.new(0, 0, 0, 0.99134, 0.09218, 0.09351, -0.08495, 0.99328, -0.07857, -0.10012, 0.06995, 0.99251),
			["LeftLowerLeg"] = CFrame.new(-0.00003, 0, 0.00001, 0.99722, -0.05498, 0.05027, 0.05029, 0.99465, 0.09028, -0.05497, -0.0875, 0.99465),
			["RightUpperLeg"] = CFrame.new(-0.00002, 0, -0.00001, 0.98338, -0.06053, -0.17115, 0.04722, 0.99561, -0.08076, 0.17528, 0.07134, 0.98193),
			["RightLowerLeg"] = CFrame.new(-0.00003, 0, 0, 0.99835, 0.05737, 0, -0.05717, 0.9949, 0.08305, 0.00476, -0.08292, 0.99655),
		}},
		{Time = 0.13333, Data = {
			["HumanoidRootPart"] = CFrame.new(0, 0, 0, 1, 0, 0, 0, 1, 0, 0, 0, 1),
			["LowerTorso"] = CFrame.new(0, 0, 0, 1, 0, 0, 0, 1, 0, 0, 0, 1),
			["UpperTorso"] = CFrame.new(0.00001, 0, -0.00001, 1, 0, 0, 0, 0.99709, 0.00053, 0, -0.00053, 0.99709),
			["Head"] = CFrame.new(-0.03663, -0.00848, 0, 1, 0, 0, 0, 1, 0, 0, 0, 1),
			["LeftUpperArm"] = CFrame.new(0, 0, 0, 1, 0, 0, 0, 0.97967, 0.20059, 0, -0.20059, 0.97967),
			["LeftLowerArm"] = CFrame.new(0, 0, 0.00001, 1, 0, 0, 0, 0.99664, 0.08187, 0, -0.08187, 0.99664),
			["RightUpperArm"] = CFrame.new(0.00228, 0.00007, 0.00151, 0.99996, 0.00344, 0.00857, 0.00801, -0.78586, -0.61835, 0.00461, 0.61839, -0.78586),
			["RightLowerArm"] = CFrame.new(-0.00004, 0, 0.00003, 0.49018, 0.87032, -0.04761, -0.80811, 0.47425, 0.34936, 0.32663, -0.13278, 0.93578),
			["LeftUpperLeg"] = CFrame.new(0, 0, 0, 0.99134, 0.09218, 0.09351, -0.08495, 0.99328, -0.07857, -0.10012, 0.06995, 0.99251),
			["LeftLowerLeg"] = CFrame.new(-0.00003, 0, 0.00001, 0.99722, -0.05498, 0.05027, 0.05029, 0.99465, 0.09028, -0.05497, -0.0875, 0.99465),
			["RightUpperLeg"] = CFrame.new(-0.00002, 0, -0.00001, 0.98338, -0.06053, -0.17115, 0.04722, 0.99561, -0.08076, 0.17528, 0.07134, 0.98193),
			["RightLowerLeg"] = CFrame.new(-0.00003, 0, 0, 0.99835, 0.05737, 0, -0.05717, 0.9949, 0.08305, 0.00476, -0.08292, 0.99655),
		}},
		{Time = 0.16667, Data = {
			["HumanoidRootPart"] = CFrame.new(0, 0, 0, 1, 0, 0, 0, 1, 0, 0, 0, 1),
			["LowerTorso"] = CFrame.new(0, 0, 0, 1, 0, 0, 0, 1, 0, 0, 0, 1),
			["UpperTorso"] = CFrame.new(0.00001, 0, -0.00001, 1, 0, 0, 0, 0.99709, 0.00056, 0, -0.00056, 0.99709),
			["Head"] = CFrame.new(-0.03660, -0.00846, 0, 1, 0, 0, 0, 1, 0, 0, 0, 1),
			["LeftUpperArm"] = CFrame.new(0, 0, 0, 1, 0, 0, 0, 0.97967, 0.20059, 0, -0.20059, 0.97967),
			["LeftLowerArm"] = CFrame.new(0, 0, 0.00001, 1, 0, 0, 0, 0.99664, 0.08187, 0, -0.08187, 0.99664),
			["RightUpperArm"] = CFrame.new(0.00228, 0.00007, 0.00151, 0.99996, 0.00344, 0.00857, 0.00801, -0.78586, -0.61835, 0.00461, 0.61839, -0.78586),
			["RightLowerArm"] = CFrame.new(-0.00004, 0, 0.00003, 0.49018, 0.87032, -0.04761, -0.80811, 0.47425, 0.34936, 0.32663, -0.13278, 0.93578),
			["LeftUpperLeg"] = CFrame.new(0, 0, 0, 0.99134, 0.09218, 0.09351, -0.08495, 0.99328, -0.07857, -0.10012, 0.06995, 0.99251),
			["LeftLowerLeg"] = CFrame.new(-0.00003, 0, 0.00001, 0.99722, -0.05498, 0.05027, 0.05029, 0.99465, 0.09028, -0.05497, -0.0875, 0.99465),
			["RightUpperLeg"] = CFrame.new(-0.00002, 0, -0.00001, 0.98338, -0.06053, -0.17115, 0.04722, 0.99561, -0.08076, 0.17528, 0.07134, 0.98193),
			["RightLowerLeg"] = CFrame.new(-0.00003, 0, 0, 0.99835, 0.05737, 0, -0.05717, 0.9949, 0.08305, 0.00476, -0.08292, 0.99655),
		}},
		{Time = 0.2, Data = {
			["HumanoidRootPart"] = CFrame.new(0, 0, 0, 1, 0, 0, 0, 1, 0, 0, 0, 1),
			["LowerTorso"] = CFrame.new(0, 0, 0, 1, 0, 0, 0, 1, 0, 0, 0, 1),
			["UpperTorso"] = CFrame.new(0.00001, 0, -0.00001, 1, 0, 0, 0, 0.99709, 0.00065, 0, -0.00065, 0.99709),
			["Head"] = CFrame.new(-0.03655, -0.00851, 0, 1, 0, 0, 0, 1, 0, 0, 0, 1),
			["LeftUpperArm"] = CFrame.new(0, 0, 0, 1, 0, 0, 0, 0.97967, 0.20059, 0, -0.20059, 0.97967),
			["LeftLowerArm"] = CFrame.new(0, 0, 0.00001, 1, 0, 0, 0, 0.99664, 0.08187, 0, -0.08187, 0.99664),
			["RightUpperArm"] = CFrame.new(0.00228, 0.00007, 0.00151, 0.99996, 0.00344, 0.00857, 0.00801, -0.78586, -0.61835, 0.00461, 0.61839, -0.78586),
			["RightLowerArm"] = CFrame.new(-0.00004, 0, 0.00003, 0.49018, 0.87032, -0.04761, -0.80811, 0.47425, 0.34936, 0.32663, -0.13278, 0.93578),
			["LeftUpperLeg"] = CFrame.new(0, 0, 0, 0.99134, 0.09218, 0.09351, -0.08495, 0.99328, -0.07857, -0.10012, 0.06995, 0.99251),
			["LeftLowerLeg"] = CFrame.new(-0.00003, 0, 0.00001, 0.99722, -0.05498, 0.05027, 0.05029, 0.99465, 0.09028, -0.05497, -0.0875, 0.99465),
			["RightUpperLeg"] = CFrame.new(-0.00002, 0, -0.00001, 0.98338, -0.06053, -0.17115, 0.04722, 0.99561, -0.08076, 0.17528, 0.07134, 0.98193),
			["RightLowerLeg"] = CFrame.new(-0.00003, 0, 0, 0.99835, 0.05737, 0, -0.05717, 0.9949, 0.08305, 0.00476, -0.08292, 0.99655),
		}},
		{Time = 0.23333, Data = {
			["HumanoidRootPart"] = CFrame.new(0, 0, 0, 1, 0, 0, 0, 1, 0, 0, 0, 1),
			["LowerTorso"] = CFrame.new(0, 0, 0, 1, 0, 0, 0, 1, 0, 0, 0, 1),
			["UpperTorso"] = CFrame.new(0.00001, 0, -0.00001, 1, 0, 0, 0, 0.99709, 0.00059, 0, -0.00059, 0.99709),
			["Head"] = CFrame.new(-0.03654, -0.00851, 0, 1, 0, 0, 0, 1, 0, 0, 0, 1),
			["LeftUpperArm"] = CFrame.new(0, 0, 0, 1, 0, 0, 0, 0.97967, 0.20059, 0, -0.20059, 0.97967),
			["LeftLowerArm"] = CFrame.new(0, 0, 0.00001, 1, 0, 0, 0, 0.99664, 0.08187, 0, -0.08187, 0.99664),
			["RightUpperArm"] = CFrame.new(0.00228, 0.00007, 0.00151, 0.99996, 0.00344, 0.00857, 0.00801, -0.78586, -0.61835, 0.00461, 0.61839, -0.78586),
			["RightLowerArm"] = CFrame.new(-0.00004, 0, 0.00003, 0.49018, 0.87032, -0.04761, -0.80811, 0.47425, 0.34936, 0.32663, -0.13278, 0.93578),
			["LeftUpperLeg"] = CFrame.new(0, 0, 0, 0.99134, 0.09218, 0.09351, -0.08495, 0.99328, -0.07857, -0.10012, 0.06995, 0.99251),
			["LeftLowerLeg"] = CFrame.new(-0.00003, 0, 0.00001, 0.99722, -0.05498, 0.05027, 0.05029, 0.99465, 0.09028, -0.05497, -0.0875, 0.99465),
			["RightUpperLeg"] = CFrame.new(-0.00002, 0, -0.00001, 0.98338, -0.06053, -0.17115, 0.04722, 0.99561, -0.08076, 0.17528, 0.07134, 0.98193),
			["RightLowerLeg"] = CFrame.new(-0.00003, 0, 0, 0.99835, 0.05737, 0, -0.05717, 0.9949, 0.08305, 0.00476, -0.08292, 0.99655),
		}},
		{Time = 0.26667, Data = {
			["HumanoidRootPart"] = CFrame.new(0, 0, 0, 1, 0, 0, 0, 1, 0, 0, 0, 1),
			["LowerTorso"] = CFrame.new(0, 0, 0, 1, 0, 0, 0, 1, 0, 0, 0, 1),
			["UpperTorso"] = CFrame.new(0.00001, 0, -0.00001, 1, 0, 0, 0, 0.99709, 0.00055, 0, -0.00055, 0.99709),
			["Head"] = CFrame.new(-0.03656, -0.00850, 0, 1, 0, 0, 0, 1, 0, 0, 0, 1),
			["LeftUpperArm"] = CFrame.new(0, 0, 0, 1, 0, 0, 0, 0.97967, 0.20059, 0, -0.20059, 0.97967),
			["LeftLowerArm"] = CFrame.new(0, 0, 0.00001, 1, 0, 0, 0, 0.99664, 0.08187, 0, -0.08187, 0.99664),
			["RightUpperArm"] = CFrame.new(0.00228, 0.00007, 0.00151, 0.99996, 0.00344, 0.00857, 0.00801, -0.78586, -0.61835, 0.00461, 0.61839, -0.78586),
			["RightLowerArm"] = CFrame.new(-0.00004, 0, 0.00003, 0.49018, 0.87032, -0.04761, -0.80811, 0.47425, 0.34936, 0.32663, -0.13278, 0.93578),
			["LeftUpperLeg"] = CFrame.new(0, 0, 0, 0.99134, 0.09218, 0.09351, -0.08495, 0.99328, -0.07857, -0.10012, 0.06995, 0.99251),
			["LeftLowerLeg"] = CFrame.new(-0.00003, 0, 0.00001, 0.99722, -0.05498, 0.05027, 0.05029, 0.99465, 0.09028, -0.05497, -0.0875, 0.99465),
			["RightUpperLeg"] = CFrame.new(-0.00002, 0, -0.00001, 0.98338, -0.06053, -0.17115, 0.04722, 0.99561, -0.08076, 0.17528, 0.07134, 0.98193),
			["RightLowerLeg"] = CFrame.new(-0.00003, 0, 0, 0.99835, 0.05737, 0, -0.05717, 0.9949, 0.08305, 0.00476, -0.08292, 0.99655),
		}},
		{Time = 0.3, Data = {
			["HumanoidRootPart"] = CFrame.new(0, 0, 0, 1, 0, 0, 0, 1, 0, 0, 0, 1),
			["LowerTorso"] = CFrame.new(0, 0, 0, 1, 0, 0, 0, 1, 0, 0, 0, 1),
			["UpperTorso"] = CFrame.new(0.00001, 0, -0.00001, 1, 0, 0, 0, 0.99709, 0.00076, 0, -0.00076, 0.99709),
			["Head"] = CFrame.new(-0.03658, -0.00849, 0, 1, 0, 0, 0, 1, 0, 0, 0, 1),
			["LeftUpperArm"] = CFrame.new(0, 0, 0, 1, 0, 0, 0, 0.97967, 0.20059, 0, -0.20059, 0.97967),
			["LeftLowerArm"] = CFrame.new(0, 0, 0.00001, 1, 0, 0, 0, 0.99664, 0.08187, 0, -0.08187, 0.99664),
			["RightUpperArm"] = CFrame.new(0.00228, 0.00007, 0.00151, 0.99996, 0.00344, 0.00857, 0.00801, -0.78586, -0.61835, 0.00461, 0.61839, -0.78586),
			["RightLowerArm"] = CFrame.new(-0.00004, 0, 0.00003, 0.49018, 0.87032, -0.04761, -0.80811, 0.47425, 0.34936, 0.32663, -0.13278, 0.93578),
			["LeftUpperLeg"] = CFrame.new(0, 0, 0, 0.99134, 0.09218, 0.09351, -0.08495, 0.99328, -0.07857, -0.10012, 0.06995, 0.99251),
			["LeftLowerLeg"] = CFrame.new(-0.00003, 0, 0.00001, 0.99722, -0.05498, 0.05027, 0.05029, 0.99465, 0.09028, -0.05497, -0.0875, 0.99465),
			["RightUpperLeg"] = CFrame.new(-0.00002, 0, -0.00001, 0.98338, -0.06053, -0.17115, 0.04722, 0.99561, -0.08076, 0.17528, 0.07134, 0.98193),
			["RightLowerLeg"] = CFrame.new(-0.00003, 0, 0, 0.99835, 0.05737, 0, -0.05717, 0.9949, 0.08305, 0.00476, -0.08292, 0.99655),
		}},
		{Time = 0.33333, Data = {
			["HumanoidRootPart"] = CFrame.new(0, 0, 0, 1, 0, 0, 0, 1, 0, 0, 0, 1),
			["LowerTorso"] = CFrame.new(0, 0, 0, 1, 0, 0, 0, 1, 0, 0, 0, 1),
			["UpperTorso"] = CFrame.new(0.00001, 0, -0.00001, 1, 0, 0, 0, 0.99709, 0.00082, 0, -0.00082, 0.99709),
			["Head"] = CFrame.new(-0.03658, -0.00849, 0, 1, 0, 0, 0, 1, 0, 0, 0, 1),
			["LeftUpperArm"] = CFrame.new(0, 0, 0, 1, 0, 0, 0, 0.97967, 0.20059, 0, -0.20059, 0.97967),
			["LeftLowerArm"] = CFrame.new(0, 0, 0.00001, 1, 0, 0, 0, 0.99664, 0.08187, 0, -0.08187, 0.99664),
			["RightUpperArm"] = CFrame.new(0.00228, 0.00007, 0.00151, 0.99996, 0.00344, 0.00857, 0.00801, -0.78586, -0.61835, 0.00461, 0.61839, -0.78586),
			["RightLowerArm"] = CFrame.new(-0.00004, 0, 0.00003, 0.49018, 0.87032, -0.04761, -0.80811, 0.47425, 0.34936, 0.32663, -0.13278, 0.93578),
			["LeftUpperLeg"] = CFrame.new(0, 0, 0, 0.99134, 0.09218, 0.09351, -0.08495, 0.99328, -0.07857, -0.10012, 0.06995, 0.99251),
			["LeftLowerLeg"] = CFrame.new(-0.00003, 0, 0.00001, 0.99722, -0.05498, 0.05027, 0.05029, 0.99465, 0.09028, -0.05497, -0.0875, 0.99465),
			["RightUpperLeg"] = CFrame.new(-0.00002, 0, -0.00001, 0.98338, -0.06053, -0.17115, 0.04722, 0.99561, -0.08076, 0.17528, 0.07134, 0.98193),
			["RightLowerLeg"] = CFrame.new(-0.00003, 0, 0, 0.99835, 0.05737, 0, -0.05717, 0.9949, 0.08305, 0.00476, -0.08292, 0.99655),
		}},
		{Time = 0.36667, Data = {
			["HumanoidRootPart"] = CFrame.new(0, 0, 0, 1, 0, 0, 0, 1, 0, 0, 0, 1),
			["LowerTorso"] = CFrame.new(0, 0, 0, 1, 0, 0, 0, 1, 0, 0, 0, 1),
			["UpperTorso"] = CFrame.new(0.00001, 0, -0.00001, 1, 0, 0, 0, 0.99709, 0.00091, 0, -0.00091, 0.99709),
			["Head"] = CFrame.new(-0.03660, -0.00850, 0, 1, 0, 0, 0, 1, 0, 0, 0, 1),
			["LeftUpperArm"] = CFrame.new(0, 0, 0, 1, 0, 0, 0, 0.97967, 0.20059, 0, -0.20059, 0.97967),
			["LeftLowerArm"] = CFrame.new(0, 0, 0.00001, 1, 0, 0, 0, 0.99664, 0.08187, 0, -0.08187, 0.99664),
			["RightUpperArm"] = CFrame.new(0.00228, 0.00007, 0.00151, 0.99996, 0.00344, 0.00857, 0.00801, -0.78586, -0.61835, 0.00461, 0.61839, -0.78586),
			["RightLowerArm"] = CFrame.new(-0.00004, 0, 0.00003, 0.49018, 0.87032, -0.04761, -0.80811, 0.47425, 0.34936, 0.32663, -0.13278, 0.93578),
			["LeftUpperLeg"] = CFrame.new(0, 0, 0, 0.99134, 0.09218, 0.09351, -0.08495, 0.99328, -0.07857, -0.10012, 0.06995, 0.99251),
			["LeftLowerLeg"] = CFrame.new(-0.00003, 0, 0.00001, 0.99722, -0.05498, 0.05027, 0.05029, 0.99465, 0.09028, -0.05497, -0.0875, 0.99465),
			["RightUpperLeg"] = CFrame.new(-0.00002, 0, -0.00001, 0.98338, -0.06053, -0.17115, 0.04722, 0.99561, -0.08076, 0.17528, 0.07134, 0.98193),
			["RightLowerLeg"] = CFrame.new(-0.00003, 0, 0, 0.99835, 0.05737, 0, -0.05717, 0.9949, 0.08305, 0.00476, -0.08292, 0.99655),
		}},
		{Time = 0.4, Data = {
			["HumanoidRootPart"] = CFrame.new(0, 0, 0, 1, 0, 0, 0, 1, 0, 0, 0, 1),
			["LowerTorso"] = CFrame.new(0, 0, 0, 1, 0, 0, 0, 1, 0, 0, 0, 1),
			["UpperTorso"] = CFrame.new(0.00001, 0, -0.00001, 1, 0, 0, 0, 0.99709, 0.00094, 0, -0.00094, 0.99709),
			["Head"] = CFrame.new(-0.03661, -0.00848, 0, 1, 0, 0, 0, 1, 0, 0, 0, 1),
			["LeftUpperArm"] = CFrame.new(0, 0, 0, 1, 0, 0, 0, 0.97967, 0.20059, 0, -0.20059, 0.97967),
			["LeftLowerArm"] = CFrame.new(0, 0, 0.00001, 1, 0, 0, 0, 0.99664, 0.08187, 0, -0.08187, 0.99664),
			["RightUpperArm"] = CFrame.new(0.00228, 0.00007, 0.00151, 0.99996, 0.00344, 0.00857, 0.00801, -0.78586, -0.61835, 0.00461, 0.61839, -0.78586),
			["RightLowerArm"] = CFrame.new(-0.00004, 0, 0.00003, 0.49018, 0.87032, -0.04761, -0.80811, 0.47425, 0.34936, 0.32663, -0.13278, 0.93578),
			["LeftUpperLeg"] = CFrame.new(0, 0, 0, 0.99134, 0.09218, 0.09351, -0.08495, 0.99328, -0.07857, -0.10012, 0.06995, 0.99251),
			["LeftLowerLeg"] = CFrame.new(-0.00003, 0, 0.00001, 0.99722, -0.05498, 0.05027, 0.05029, 0.99465, 0.09028, -0.05497, -0.0875, 0.99465),
			["RightUpperLeg"] = CFrame.new(-0.00002, 0, -0.00001, 0.98338, -0.06053, -0.17115, 0.04722, 0.99561, -0.08076, 0.17528, 0.07134, 0.98193),
			["RightLowerLeg"] = CFrame.new(-0.00003, 0, 0, 0.99835, 0.05737, 0, -0.05717, 0.9949, 0.08305, 0.00476, -0.08292, 0.99655),
		}},
		{Time = 0.43333, Data = {
			["HumanoidRootPart"] = CFrame.new(0, 0, 0, 1, 0, 0, 0, 1, 0, 0, 0, 1),
			["LowerTorso"] = CFrame.new(0, 0, 0, 1, 0, 0, 0, 1, 0, 0, 0, 1),
			["UpperTorso"] = CFrame.new(0.00001, 0, -0.00001, 1, 0, 0, 0, 0.99709, 0.00087, 0, -0.00087, 0.99709),
			["Head"] = CFrame.new(-0.03665, -0.00849, 0, 1, 0, 0, 0, 1, 0, 0, 0, 1),
			["LeftUpperArm"] = CFrame.new(0, 0, 0, 1, 0, 0, 0, 0.97967, 0.20059, 0, -0.20059, 0.97967),
			["LeftLowerArm"] = CFrame.new(0, 0, 0.00001, 1, 0, 0, 0, 0.99664, 0.08187, 0, -0.08187, 0.99664),
			["RightUpperArm"] = CFrame.new(0.00228, 0.00007, 0.00151, 0.99996, 0.00344, 0.00857, 0.00801, -0.78586, -0.61835, 0.00461, 0.61839, -0.78586),
			["RightLowerArm"] = CFrame.new(-0.00004, 0, 0.00003, 0.49018, 0.87032, -0.04761, -0.80811, 0.47425, 0.34936, 0.32663, -0.13278, 0.93578),
			["LeftUpperLeg"] = CFrame.new(0, 0, 0, 0.99134, 0.09218, 0.09351, -0.08495, 0.99328, -0.07857, -0.10012, 0.06995, 0.99251),
			["LeftLowerLeg"] = CFrame.new(-0.00003, 0, 0.00001, 0.99722, -0.05498, 0.05027, 0.05029, 0.99465, 0.09028, -0.05497, -0.0875, 0.99465),
			["RightUpperLeg"] = CFrame.new(-0.00002, 0, -0.00001, 0.98338, -0.06053, -0.17115, 0.04722, 0.99561, -0.08076, 0.17528, 0.07134, 0.98193),
			["RightLowerLeg"] = CFrame.new(-0.00003, 0, 0, 0.99835, 0.05737, 0, -0.05717, 0.9949, 0.08305, 0.00476, -0.08292, 0.99655),
		}},
		{Time = 0.46667, Data = {
			["HumanoidRootPart"] = CFrame.new(0, 0, 0, 1, 0, 0, 0, 1, 0, 0, 0, 1),
			["LowerTorso"] = CFrame.new(0, 0, 0, 1, 0, 0, 0, 1, 0, 0, 0, 1),
			["UpperTorso"] = CFrame.new(0.00001, 0, -0.00001, 1, 0, 0, 0, 0.99709, 0.00088, 0, -0.00088, 0.99709),
			["Head"] = CFrame.new(-0.03668, -0.00846, 0, 1, 0, 0, 0, 1, 0, 0, 0, 1),
			["LeftUpperArm"] = CFrame.new(0, 0, 0, 1, 0, 0, 0, 0.97967, 0.20059, 0, -0.20059, 0.97967),
			["LeftLowerArm"] = CFrame.new(0, 0, 0.00001, 1, 0, 0, 0, 0.99664, 0.08187, 0, -0.08187, 0.99664),
			["RightUpperArm"] = CFrame.new(0.00228, 0.00007, 0.00151, 0.99996, 0.00344, 0.00857, 0.00801, -0.78586, -0.61835, 0.00461, 0.61839, -0.78586),
			["RightLowerArm"] = CFrame.new(-0.00004, 0, 0.00003, 0.49018, 0.87032, -0.04761, -0.80811, 0.47425, 0.34936, 0.32663, -0.13278, 0.93578),
			["LeftUpperLeg"] = CFrame.new(0, 0, 0, 0.99134, 0.09218, 0.09351, -0.08495, 0.99328, -0.07857, -0.10012, 0.06995, 0.99251),
			["LeftLowerLeg"] = CFrame.new(-0.00003, 0, 0.00001, 0.99722, -0.05498, 0.05027, 0.05029, 0.99465, 0.09028, -0.05497, -0.0875, 0.99465),
			["RightUpperLeg"] = CFrame.new(-0.00002, 0, -0.00001, 0.98338, -0.06053, -0.17115, 0.04722, 0.99561, -0.08076, 0.17528, 0.07134, 0.98193),
			["RightLowerLeg"] = CFrame.new(-0.00003, 0, 0, 0.99835, 0.05737, 0, -0.05717, 0.9949, 0.08305, 0.00476, -0.08292, 0.99655),
		}},
		{Time = 0.5, Data = {
			["HumanoidRootPart"] = CFrame.new(0, 0, 0, 1, 0, 0, 0, 1, 0, 0, 0, 1),
			["LowerTorso"] = CFrame.new(0, 0, 0, 1, 0, 0, 0, 1, 0, 0, 0, 1),
			["UpperTorso"] = CFrame.new(0.00001, 0, -0.00001, 1, 0, 0, 0, 0.99709, 0.00071, 0, -0.00071, 0.99709),
			["Head"] = CFrame.new(-0.03665, -0.00844, 0, 1, 0, 0, 0, 1, 0, 0, 0, 1),
			["LeftUpperArm"] = CFrame.new(0, 0, 0, 1, 0, 0, 0, 0.97967, 0.20059, 0, -0.20059, 0.97967),
			["LeftLowerArm"] = CFrame.new(0, 0, 0.00001, 1, 0, 0, 0, 0.99664, 0.08187, 0, -0.08187, 0.99664),
			["RightUpperArm"] = CFrame.new(0.00228, 0.00007, 0.00151, 0.99996, 0.00344, 0.00857, 0.00801, -0.78586, -0.61835, 0.00461, 0.61839, -0.78586),
			["RightLowerArm"] = CFrame.new(-0.00004, 0, 0.00003, 0.49018, 0.87032, -0.04761, -0.80811, 0.47425, 0.34936, 0.32663, -0.13278, 0.93578),
			["LeftUpperLeg"] = CFrame.new(0, 0, 0, 0.99134, 0.09218, 0.09351, -0.08495, 0.99328, -0.07857, -0.10012, 0.06995, 0.99251),
			["LeftLowerLeg"] = CFrame.new(-0.00003, 0, 0.00001, 0.99722, -0.05498, 0.05027, 0.05029, 0.99465, 0.09028, -0.05497, -0.0875, 0.99465),
			["RightUpperLeg"] = CFrame.new(-0.00002, 0, -0.00001, 0.98338, -0.06053, -0.17115, 0.04722, 0.99561, -0.08076, 0.17528, 0.07134, 0.98193),
			["RightLowerLeg"] = CFrame.new(-0.00003, 0, 0, 0.99835, 0.05737, 0, -0.05717, 0.9949, 0.08305, 0.00476, -0.08292, 0.99655),
		}},
		{Time = 0.53333, Data = {
			["HumanoidRootPart"] = CFrame.new(0, 0, 0, 1, 0, 0, 0, 1, 0, 0, 0, 1),
			["LowerTorso"] = CFrame.new(0, 0, 0, 1, 0, 0, 0, 1, 0, 0, 0, 1),
			["UpperTorso"] = CFrame.new(0.00001, 0, -0.00001, 1, 0, 0, 0, 0.99709, 0.00100, 0, -0.00100, 0.99709),
			["Head"] = CFrame.new(-0.03685, -0.00834, 0, 1, 0, 0, 0, 1, 0, 0, 0, 1),
			["LeftUpperArm"] = CFrame.new(0, 0, 0, 1, 0, 0, 0, 0.97967, 0.20059, 0, -0.20059, 0.97967),
			["LeftLowerArm"] = CFrame.new(0, 0, 0.00001, 1, 0, 0, 0, 0.99664, 0.08187, 0, -0.08187, 0.99664),
			["RightUpperArm"] = CFrame.new(0.00228, 0.00007, 0.00151, 0.99996, 0.00344, 0.00857, 0.00801, -0.78586, -0.61835, 0.00461, 0.61839, -0.78586),
			["RightLowerArm"] = CFrame.new(-0.00004, 0, 0.00003, 0.49018, 0.87032, -0.04761, -0.80811, 0.47425, 0.34936, 0.32663, -0.13278, 0.93578),
			["LeftUpperLeg"] = CFrame.new(0, 0, 0, 0.99134, 0.09218, 0.09351, -0.08495, 0.99328, -0.07857, -0.10012, 0.06995, 0.99251),
			["LeftLowerLeg"] = CFrame.new(-0.00003, 0, 0.00001, 0.99722, -0.05498, 0.05027, 0.05029, 0.99465, 0.09028, -0.05497, -0.0875, 0.99465),
			["RightUpperLeg"] = CFrame.new(-0.00002, 0, -0.00001, 0.98338, -0.06053, -0.17115, 0.04722, 0.99561, -0.08076, 0.17528, 0.07134, 0.98193),
			["RightLowerLeg"] = CFrame.new(-0.00003, 0, 0, 0.99835, 0.05737, 0, -0.05717, 0.9949, 0.08305, 0.00476, -0.08292, 0.99655),
		}},
		{Time = 0.56667, Data = {
			["HumanoidRootPart"] = CFrame.new(0, 0, 0, 1, 0, 0, 0, 1, 0, 0, 0, 1),
			["LowerTorso"] = CFrame.new(0, 0, 0, 1, 0, 0, 0, 1, 0, 0, 0, 1),
			["UpperTorso"] = CFrame.new(0.00001, 0, -0.00001, 1, 0, 0, 0, 0.99709, 0.00106, 0, -0.00106, 0.99709),
			["Head"] = CFrame.new(-0.03702, -0.00828, 0, 1, 0, 0, 0, 1, 0, 0, 0, 1),
			["LeftUpperArm"] = CFrame.new(0, 0, 0, 1, 0, 0, 0, 0.97967, 0.20059, 0, -0.20059, 0.97967),
			["LeftLowerArm"] = CFrame.new(0, 0, 0.00001, 1, 0, 0, 0, 0.99664, 0.08187, 0, -0.08187, 0.99664),
			["RightUpperArm"] = CFrame.new(0.00228, 0.00007, 0.00151, 0.99996, 0.00344, 0.00857, 0.00801, -0.78586, -0.61835, 0.00461, 0.61839, -0.78586),
			["RightLowerArm"] = CFrame.new(-0.00004, 0, 0.00003, 0.49018, 0.87032, -0.04761, -0.80811, 0.47425, 0.34936, 0.32663, -0.13278, 0.93578),
			["LeftUpperLeg"] = CFrame.new(0, 0, 0, 0.99134, 0.09218, 0.09351, -0.08495, 0.99328, -0.07857, -0.10012, 0.06995, 0.99251),
			["LeftLowerLeg"] = CFrame.new(-0.00003, 0, 0.00001, 0.99722, -0.05498, 0.05027, 0.05029, 0.99465, 0.09028, -0.05497, -0.0875, 0.99465),
			["RightUpperLeg"] = CFrame.new(-0.00002, 0, -0.00001, 0.98338, -0.06053, -0.17115, 0.04722, 0.99561, -0.08076, 0.17528, 0.07134, 0.98193),
			["RightLowerLeg"] = CFrame.new(-0.00003, 0, 0, 0.99835, 0.05737, 0, -0.05717, 0.9949, 0.08305, 0.00476, -0.08292, 0.99655),
		}},
		{Time = 0.6, Data = {
			["HumanoidRootPart"] = CFrame.new(0, 0, 0, 1, 0, 0, 0, 1, 0, 0, 0, 1),
			["LowerTorso"] = CFrame.new(0, 0, 0, 1, 0, 0, 0, 1, 0, 0, 0, 1),
			["UpperTorso"] = CFrame.new(0.00001, 0, -0.00001, 1, 0, 0, 0, 0.99709, 0.00049, 0, -0.00049, 0.99709),
			["Head"] = CFrame.new(-0.03718, -0.00823, 0, 1, 0, 0, 0, 1, 0, 0, 0, 1),
			["LeftUpperArm"] = CFrame.new(0, 0, 0, 1, 0, 0, 0, 0.97967, 0.20059, 0, -0.20059, 0.97967),
			["LeftLowerArm"] = CFrame.new(0, 0, 0.00001, 1, 0, 0, 0, 0.99664, 0.08187, 0, -0.08187, 0.99664),
			["RightUpperArm"] = CFrame.new(0.00228, 0.00007, 0.00151, 0.99996, 0.00344, 0.00857, 0.00801, -0.78586, -0.61835, 0.00461, 0.61839, -0.78586),
			["RightLowerArm"] = CFrame.new(-0.00004, 0, 0.00003, 0.49018, 0.87032, -0.04761, -0.80811, 0.47425, 0.34936, 0.32663, -0.13278, 0.93578),
			["LeftUpperLeg"] = CFrame.new(0, 0, 0, 0.99134, 0.09218, 0.09351, -0.08495, 0.99328, -0.07857, -0.10012, 0.06995, 0.99251),
			["LeftLowerLeg"] = CFrame.new(-0.00003, 0, 0.00001, 0.99722, -0.05498, 0.05027, 0.05029, 0.99465, 0.09028, -0.05497, -0.0875, 0.99465),
			["RightUpperLeg"] = CFrame.new(-0.00002, 0, -0.00001, 0.98338, -0.06053, -0.17115, 0.04722, 0.99561, -0.08076, 0.17528, 0.07134, 0.98193),
			["RightLowerLeg"] = CFrame.new(-0.00003, 0, 0, 0.99835, 0.05737, 0, -0.05717, 0.9949, 0.08305, 0.00476, -0.08292, 0.99655),
		}},
		{Time = 0.63333, Data = {
			["HumanoidRootPart"] = CFrame.new(0, 0, 0, 1, 0, 0, 0, 1, 0, 0, 0, 1),
			["LowerTorso"] = CFrame.new(0, 0, 0, 1, 0, 0, 0, 1, 0, 0, 0, 1),
			["UpperTorso"] = CFrame.new(0.00001, 0, -0.00001, 1, 0, 0, 0, 0.99709, 0.00038, 0, -0.00038, 0.99709),
			["Head"] = CFrame.new(-0.03798, -0.00839, 0, 1, 0, 0, 0, 1, 0, 0, 0, 1),
			["LeftUpperArm"] = CFrame.new(0, 0, 0, 1, 0, 0, 0, 0.97967, 0.20059, 0, -0.20059, 0.97967),
			["LeftLowerArm"] = CFrame.new(0, 0, 0.00001, 1, 0, 0, 0, 0.99664, 0.08187, 0, -0.08187, 0.99664),
			["RightUpperArm"] = CFrame.new(0.00228, 0.00007, 0.00151, 0.99996, 0.00344, 0.00857, 0.00801, -0.78586, -0.61835, 0.00461, 0.61839, -0.78586),
			["RightLowerArm"] = CFrame.new(-0.00004, 0, 0.00003, 0.49018, 0.87032, -0.04761, -0.80811, 0.47425, 0.34936, 0.32663, -0.13278, 0.93578),
			["LeftUpperLeg"] = CFrame.new(0, 0, 0, 0.99134, 0.09218, 0.09351, -0.08495, 0.99328, -0.07857, -0.10012, 0.06995, 0.99251),
			["LeftLowerLeg"] = CFrame.new(-0.00003, 0, 0.00001, 0.99722, -0.05498, 0.05027, 0.05029, 0.99465, 0.09028, -0.05497, -0.0875, 0.99465),
			["RightUpperLeg"] = CFrame.new(-0.00002, 0, -0.00001, 0.98338, -0.06053, -0.17115, 0.04722, 0.99561, -0.08076, 0.17528, 0.07134, 0.98193),
			["RightLowerLeg"] = CFrame.new(-0.00003, 0, 0, 0.99835, 0.05737, 0, -0.05717, 0.9949, 0.08305, 0.00476, -0.08292, 0.99655),
		}},
		{Time = 0.66667, Data = {
			["HumanoidRootPart"] = CFrame.new(0, 0, 0, 1, 0, 0, 0, 1, 0, 0, 0, 1),
			["LowerTorso"] = CFrame.new(0, 0, 0, 1, 0, 0, 0, 1, 0, 0, 0, 1),
			["UpperTorso"] = CFrame.new(0.00001, 0, -0.00001, 1, 0, 0, 0, 0.99709, 0.00045, 0, -0.00045, 0.99709),
			["Head"] = CFrame.new(-0.03847, -0.00859, 0, 1, 0, 0, 0, 1, 0, 0, 0, 1),
			["LeftUpperArm"] = CFrame.new(0, 0, 0, 1, 0, 0, 0, 0.97967, 0.20059, 0, -0.20059, 0.97967),
			["LeftLowerArm"] = CFrame.new(0, 0, 0.00001, 1, 0, 0, 0, 0.99664, 0.08187, 0, -0.08187, 0.99664),
			["RightUpperArm"] = CFrame.new(0.00228, 0.00007, 0.00151, 0.99996, 0.00344, 0.00857, 0.00801, -0.78586, -0.61835, 0.00461, 0.61839, -0.78586),
			["RightLowerArm"] = CFrame.new(-0.00004, 0, 0.00003, 0.49018, 0.87032, -0.04761, -0.80811, 0.47425, 0.34936, 0.32663, -0.13278, 0.93578),
			["LeftUpperLeg"] = CFrame.new(0, 0, 0, 0.99134, 0.09218, 0.09351, -0.08495, 0.99328, -0.07857, -0.10012, 0.06995, 0.99251),
			["LeftLowerLeg"] = CFrame.new(-0.00003, 0, 0.00001, 0.99722, -0.05498, 0.05027, 0.05029, 0.99465, 0.09028, -0.05497, -0.0875, 0.99465),
			["RightUpperLeg"] = CFrame.new(-0.00002, 0, -0.00001, 0.98338, -0.06053, -0.17115, 0.04722, 0.99561, -0.08076, 0.17528, 0.07134, 0.98193),
			["RightLowerLeg"] = CFrame.new(-0.00003, 0, 0, 0.99835, 0.05737, 0, -0.05717, 0.9949, 0.08305, 0.00476, -0.08292, 0.99655),
		}},
		{Time = 0.7, Data = {
			["HumanoidRootPart"] = CFrame.new(0, 0, 0, 1, 0, 0, 0, 1, 0, 0, 0, 1),
			["LowerTorso"] = CFrame.new(0, 0, 0, 1, 0, 0, 0, 1, 0, 0, 0, 1),
			["UpperTorso"] = CFrame.new(0.00001, 0, -0.00001, 1, 0, 0, 0, 0.99709, 0.00045, 0, -0.00045, 0.99709),
			["Head"] = CFrame.new(-0.03883, -0.00875, 0, 1, 0, 0, 0, 1, 0, 0, 0, 1),
			["LeftUpperArm"] = CFrame.new(0, 0, 0, 1, 0, 0, 0, 0.97967, 0.20059, 0, -0.20059, 0.97967),
			["LeftLowerArm"] = CFrame.new(0, 0, 0.00001, 1, 0, 0, 0, 0.99664, 0.08187, 0, -0.08187, 0.99664),
			["RightUpperArm"] = CFrame.new(0.00228, 0.00007, 0.00151, 0.99996, 0.00344, 0.00857, 0.00801, -0.78586, -0.61835, 0.00461, 0.61839, -0.78586),
			["RightLowerArm"] = CFrame.new(-0.00004, 0, 0.00003, 0.49018, 0.87032, -0.04761, -0.80811, 0.47425, 0.34936, 0.32663, -0.13278, 0.93578),
			["LeftUpperLeg"] = CFrame.new(0, 0, 0, 0.99134, 0.09218, 0.09351, -0.08495, 0.99328, -0.07857, -0.10012, 0.06995, 0.99251),
			["LeftLowerLeg"] = CFrame.new(-0.00003, 0, 0.00001, 0.99722, -0.05498, 0.05027, 0.05029, 0.99465, 0.09028, -0.05497, -0.0875, 0.99465),
			["RightUpperLeg"] = CFrame.new(-0.00002, 0, -0.00001, 0.98338, -0.06053, -0.17115, 0.04722, 0.99561, -0.08076, 0.17528, 0.07134, 0.98193),
			["RightLowerLeg"] = CFrame.new(-0.00003, 0, 0, 0.99835, 0.05737, 0, -0.05717, 0.9949, 0.08305, 0.00476, -0.08292, 0.99655),
		}},
		{Time = 0.73333, Data = {
			["HumanoidRootPart"] = CFrame.new(0, 0, 0, 1, 0, 0, 0, 1, 0, 0, 0, 1),
			["LowerTorso"] = CFrame.new(0, 0, 0, 1, 0, 0, 0, 1, 0, 0, 0, 1),
			["UpperTorso"] = CFrame.new(0.00001, 0, -0.00001, 1, 0, 0, 0, 0.99709, 0.00052, 0, -0.00052, 0.99709),
			["Head"] = CFrame.new(-0.03943, -0.00897, 0, 1, 0, 0, 0, 1, 0, 0, 0, 1),
			["LeftUpperArm"] = CFrame.new(0, 0, 0, 1, 0, 0, 0, 0.97967, 0.20059, 0, -0.20059, 0.97967),
			["LeftLowerArm"] = CFrame.new(0, 0, 0.00001, 1, 0, 0, 0, 0.99664, 0.08187, 0, -0.08187, 0.99664),
			["RightUpperArm"] = CFrame.new(0.00228, 0.00007, 0.00151, 0.99996, 0.00344, 0.00857, 0.00801, -0.78586, -0.61835, 0.00461, 0.61839, -0.78586),
			["RightLowerArm"] = CFrame.new(-0.00004, 0, 0.00003, 0.49018, 0.87032, -0.04761, -0.80811, 0.47425, 0.34936, 0.32663, -0.13278, 0.93578),
			["LeftUpperLeg"] = CFrame.new(0, 0, 0, 0.99134, 0.09218, 0.09351, -0.08495, 0.99328, -0.07857, -0.10012, 0.06995, 0.99251),
			["LeftLowerLeg"] = CFrame.new(-0.00003, 0, 0.00001, 0.99722, -0.05498, 0.05027, 0.05029, 0.99465, 0.09028, -0.05497, -0.0875, 0.99465),
			["RightUpperLeg"] = CFrame.new(-0.00002, 0, -0.00001, 0.98338, -0.06053, -0.17115, 0.04722, 0.99561, -0.08076, 0.17528, 0.07134, 0.98193),
			["RightLowerLeg"] = CFrame.new(-0.00003, 0, 0, 0.99835, 0.05737, 0, -0.05717, 0.9949, 0.08305, 0.00476, -0.08292, 0.99655),
		}},
		{Time = 0.76667, Data = {
			["HumanoidRootPart"] = CFrame.new(0, 0, 0, 1, 0, 0, 0, 1, 0, 0, 0, 1),
			["LowerTorso"] = CFrame.new(0, 0, 0, 1, 0, 0, 0, 1, 0, 0, 0, 1),
			["UpperTorso"] = CFrame.new(0.00001, 0, -0.00001, 1, 0, 0, 0, 0.99709, -0.00038, 0, 0.00038, 0.99709),
			["Head"] = CFrame.new(-0.04012, -0.00908, 0, 1, 0, 0, 0, 1, 0, 0, 0, 1),
			["LeftUpperArm"] = CFrame.new(0, 0, 0, 1, 0, 0, 0, 0.97967, 0.20059, 0, -0.20059, 0.97967),
			["LeftLowerArm"] = CFrame.new(0, 0, 0.00001, 1, 0, 0, 0, 0.99664, 0.08187, 0, -0.08187, 0.99664),
			["RightUpperArm"] = CFrame.new(0.00228, 0.00007, 0.00151, 0.99996, 0.00344, 0.00857, 0.00801, -0.78586, -0.61835, 0.00461, 0.61839, -0.78586),
			["RightLowerArm"] = CFrame.new(-0.00004, 0, 0.00003, 0.49018, 0.87032, -0.04761, -0.80811, 0.47425, 0.34936, 0.32663, -0.13278, 0.93578),
			["LeftUpperLeg"] = CFrame.new(0, 0, 0, 0.99134, 0.09218, 0.09351, -0.08495, 0.99328, -0.07857, -0.10012, 0.06995, 0.99251),
			["LeftLowerLeg"] = CFrame.new(-0.00003, 0, 0.00001, 0.99722, -0.05498, 0.05027, 0.05029, 0.99465, 0.09028, -0.05497, -0.0875, 0.99465),
			["RightUpperLeg"] = CFrame.new(-0.00002, 0, -0.00001, 0.98338, -0.06053, -0.17115, 0.04722, 0.99561, -0.08076, 0.17528, 0.07134, 0.98193),
			["RightLowerLeg"] = CFrame.new(-0.00003, 0, 0, 0.99835, 0.05737, 0, -0.05717, 0.9949, 0.08305, 0.00476, -0.08292, 0.99655),
		}},
		{Time = 0.8, Data = {
			["HumanoidRootPart"] = CFrame.new(0, 0, 0, 1, 0, 0, 0, 1, 0, 0, 0, 1),
			["LowerTorso"] = CFrame.new(0, 0, 0, 1, 0, 0, 0, 1, 0, 0, 0, 1),
			["UpperTorso"] = CFrame.new(0.00001, 0, -0.00001, 1, 0, 0, 0, 0.99709, -0.00007, 0, 0.00007, 0.99709),
			["Head"] = CFrame.new(-0.04073, -0.00923, 0, 1, 0, 0, 0, 1, 0, 0, 0, 1),
			["LeftUpperArm"] = CFrame.new(0, 0, 0, 1, 0, 0, 0, 0.97967, 0.20059, 0, -0.20059, 0.97967),
			["LeftLowerArm"] = CFrame.new(0, 0, 0.00001, 1, 0, 0, 0, 0.99664, 0.08187, 0, -0.08187, 0.99664),
			["RightUpperArm"] = CFrame.new(0.00228, 0.00007, 0.00151, 0.99996, 0.00344, 0.00857, 0.00801, -0.78586, -0.61835, 0.00461, 0.61839, -0.78586),
			["RightLowerArm"] = CFrame.new(-0.00004, 0, 0.00003, 0.49018, 0.87032, -0.04761, -0.80811, 0.47425, 0.34936, 0.32663, -0.13278, 0.93578),
			["LeftUpperLeg"] = CFrame.new(0, 0, 0, 0.99134, 0.09218, 0.09351, -0.08495, 0.99328, -0.07857, -0.10012, 0.06995, 0.99251),
			["LeftLowerLeg"] = CFrame.new(-0.00003, 0, 0.00001, 0.99722, -0.05498, 0.05027, 0.05029, 0.99465, 0.09028, -0.05497, -0.0875, 0.99465),
			["RightUpperLeg"] = CFrame.new(-0.00002, 0, -0.00001, 0.98338, -0.06053, -0.17115, 0.04722, 0.99561, -0.08076, 0.17528, 0.07134, 0.98193),
			["RightLowerLeg"] = CFrame.new(-0.00003, 0, 0, 0.99835, 0.05737, 0, -0.05717, 0.9949, 0.08305, 0.00476, -0.08292, 0.99655),
		}},
		{Time = 0.83333, Data = {
			["HumanoidRootPart"] = CFrame.new(0, 0, 0, 1, 0, 0, 0, 1, 0, 0, 0, 1),
			["LowerTorso"] = CFrame.new(0, 0, 0, 1, 0, 0, 0, 1, 0, 0, 0, 1),
			["UpperTorso"] = CFrame.new(0.00001, 0, -0.00001, 1, 0, 0, 0, 0.99709, -0.00151, 0, 0.00151, 0.99709),
			["Head"] = CFrame.new(-0.04121, -0.00915, 0, 1, 0, 0, 0, 1, 0, 0, 0, 1),
			["LeftUpperArm"] = CFrame.new(0, 0, 0, 1, 0, 0, 0, 0.97967, 0.20059, 0, -0.20059, 0.97967),
			["LeftLowerArm"] = CFrame.new(0, 0, 0.00001, 1, 0, 0, 0, 0.99664, 0.08187, 0, -0.08187, 0.99664),
			["RightUpperArm"] = CFrame.new(0.00228, 0.00007, 0.00151, 0.99996, 0.00344, 0.00857, 0.00801, -0.78586, -0.61835, 0.00461, 0.61839, -0.78586),
			["RightLowerArm"] = CFrame.new(-0.00004, 0, 0.00003, 0.49018, 0.87032, -0.04761, -0.80811, 0.47425, 0.34936, 0.32663, -0.13278, 0.93578),
			["LeftUpperLeg"] = CFrame.new(0, 0, 0, 0.99134, 0.09218, 0.09351, -0.08495, 0.99328, -0.07857, -0.10012, 0.06995, 0.99251),
			["LeftLowerLeg"] = CFrame.new(-0.00003, 0, 0.00001, 0.99722, -0.05498, 0.05027, 0.05029, 0.99465, 0.09028, -0.05497, -0.0875, 0.99465),
			["RightUpperLeg"] = CFrame.new(-0.00002, 0, -0.00001, 0.98338, -0.06053, -0.17115, 0.04722, 0.99561, -0.08076, 0.17528, 0.07134, 0.98193),
			["RightLowerLeg"] = CFrame.new(-0.00003, 0, 0, 0.99835, 0.05737, 0, -0.05717, 0.9949, 0.08305, 0.00476, -0.08292, 0.99655),
		}},
		{Time = 0.86667, Data = {
			["HumanoidRootPart"] = CFrame.new(0, 0, 0, 1, 0, 0, 0, 1, 0, 0, 0, 1),
			["LowerTorso"] = CFrame.new(0, 0, 0, 1, 0, 0, 0, 1, 0, 0, 0, 1),
			["UpperTorso"] = CFrame.new(0.00001, 0, -0.00001, 1, 0, 0, 0, 0.99709, -0.00207, 0, 0.00207, 0.99709),
			["Head"] = CFrame.new(-0.04211, -0.00892, 0, 1, 0, 0, 0, 1, 0, 0, 0, 1),
			["LeftUpperArm"] = CFrame.new(0, 0, 0, 1, 0, 0, 0, 0.97967, 0.20059, 0, -0.20059, 0.97967),
			["LeftLowerArm"] = CFrame.new(0, 0, 0.00001, 1, 0, 0, 0, 0.99664, 0.08187, 0, -0.08187, 0.99664),
			["RightUpperArm"] = CFrame.new(0.00228, 0.00007, 0.00151, 0.99996, 0.00344, 0.00857, 0.00801, -0.78586, -0.61835, 0.00461, 0.61839, -0.78586),
			["RightLowerArm"] = CFrame.new(-0.00004, 0, 0.00003, 0.49018, 0.87032, -0.04761, -0.80811, 0.47425, 0.34936, 0.32663, -0.13278, 0.93578),
			["LeftUpperLeg"] = CFrame.new(0, 0, 0, 0.99134, 0.09218, 0.09351, -0.08495, 0.99328, -0.07857, -0.10012, 0.06995, 0.99251),
			["LeftLowerLeg"] = CFrame.new(-0.00003, 0, 0.00001, 0.99722, -0.05498, 0.05027, 0.05029, 0.99465, 0.09028, -0.05497, -0.0875, 0.99465),
			["RightUpperLeg"] = CFrame.new(-0.00002, 0, -0.00001, 0.98338, -0.06053, -0.17115, 0.04722, 0.99561, -0.08076, 0.17528, 0.07134, 0.98193),
			["RightLowerLeg"] = CFrame.new(-0.00003, 0, 0, 0.99835, 0.05737, 0, -0.05717, 0.9949, 0.08305, 0.00476, -0.08292, 0.99655),
		}},
		{Time = 0.9, Data = {
			["HumanoidRootPart"] = CFrame.new(0, 0, 0, 1, 0, 0, 0, 1, 0, 0, 0, 1),
			["LowerTorso"] = CFrame.new(0, 0, 0, 1, 0, 0, 0, 1, 0, 0, 0, 1),
			["UpperTorso"] = CFrame.new(0.00001, 0, -0.00001, 1, 0, 0, 0, 0.99709, -0.00211, 0, 0.00211, 0.99709),
			["Head"] = CFrame.new(-0.04282, -0.00874, 0, 1, 0, 0, 0, 1, 0, 0, 0, 1),
			["LeftUpperArm"] = CFrame.new(0, 0, 0, 1, 0, 0, 0, 0.97967, 0.20059, 0, -0.20059, 0.97967),
			["LeftLowerArm"] = CFrame.new(0, 0, 0.00001, 1, 0, 0, 0, 0.99664, 0.08187, 0, -0.08187, 0.99664),
			["RightUpperArm"] = CFrame.new(0.00228, 0.00007, 0.00151, 0.99996, 0.00344, 0.00857, 0.00801, -0.78586, -0.61835, 0.00461, 0.61839, -0.78586),
			["RightLowerArm"] = CFrame.new(-0.00004, 0, 0.00003, 0.49018, 0.87032, -0.04761, -0.80811, 0.47425, 0.34936, 0.32663, -0.13278, 0.93578),
			["LeftUpperLeg"] = CFrame.new(0, 0, 0, 0.99134, 0.09218, 0.09351, -0.08495, 0.99328, -0.07857, -0.10012, 0.06995, 0.99251),
			["LeftLowerLeg"] = CFrame.new(-0.00003, 0, 0.00001, 0.99722, -0.05498, 0.05027, 0.05029, 0.99465, 0.09028, -0.05497, -0.0875, 0.99465),
			["RightUpperLeg"] = CFrame.new(-0.00002, 0, -0.00001, 0.98338, -0.06053, -0.17115, 0.04722, 0.99561, -0.08076, 0.17528, 0.07134, 0.98193),
			["RightLowerLeg"] = CFrame.new(-0.00003, 0, 0, 0.99835, 0.05737, 0, -0.05717, 0.9949, 0.08305, 0.00476, -0.08292, 0.99655),
		}},
		{Time = 0.93333, Data = {
			["HumanoidRootPart"] = CFrame.new(0, 0, 0, 1, 0, 0, 0, 1, 0, 0, 0, 1),
			["LowerTorso"] = CFrame.new(0, 0, 0, 1, 0, 0, 0, 1, 0, 0, 0, 1),
			["UpperTorso"] = CFrame.new(0.00001, 0, -0.00001, 1, 0, 0, 0, 0.99709, -0.00230, 0, 0.00230, 0.99709),
			["Head"] = CFrame.new(-0.04352, -0.00837, 0, 1, 0, 0, 0, 1, 0, 0, 0, 1),
			["LeftUpperArm"] = CFrame.new(0, 0, 0, 1, 0, 0, 0, 0.97967, 0.20059, 0, -0.20059, 0.97967),
			["LeftLowerArm"] = CFrame.new(0, 0, 0.00001, 1, 0, 0, 0, 0.99664, 0.08187, 0, -0.08187, 0.99664),
			["RightUpperArm"] = CFrame.new(0.00228, 0.00007, 0.00151, 0.99996, 0.00344, 0.00857, 0.00801, -0.78586, -0.61835, 0.00461, 0.61839, -0.78586),
			["RightLowerArm"] = CFrame.new(-0.00004, 0, 0.00003, 0.49018, 0.87032, -0.04761, -0.80811, 0.47425, 0.34936, 0.32663, -0.13278, 0.93578),
			["LeftUpperLeg"] = CFrame.new(0, 0, 0, 0.99134, 0.09218, 0.09351, -0.08495, 0.99328, -0.07857, -0.10012, 0.06995, 0.99251),
			["LeftLowerLeg"] = CFrame.new(-0.00003, 0, 0.00001, 0.99722, -0.05498, 0.05027, 0.05029, 0.99465, 0.09028, -0.05497, -0.0875, 0.99465),
			["RightUpperLeg"] = CFrame.new(-0.00002, 0, -0.00001, 0.98338, -0.06053, -0.17115, 0.04722, 0.99561, -0.08076, 0.17528, 0.07134, 0.98193),
			["RightLowerLeg"] = CFrame.new(-0.00003, 0, 0, 0.99835, 0.05737, 0, -0.05717, 0.9949, 0.08305, 0.00476, -0.08292, 0.99655),
		}},
		{Time = 0.96667, Data = {
