-- Generated from video
return {
	["testanim2"] = {
		{Time = 0.0, Data = {
			["HumanoidRootPart"] = CFrame.new(0, 0, 0, 1, 0, 0, 0, 1, 0, 0, 0, 1),
			["LowerTorso"] = CFrame.new(0, 0, 0, 1, 0, 0, 0, 1, 0, 0, 0, 1),
			["UpperTorso"] = CFrame.new(0.00001, 0, -0.00001, 1, 0, 0, 0, -0.80125, 0.59833, 0, -0.59833, -0.80125),
			["Head"] = CFrame.new(-0.05466, -0.01002, 0, 1, 0, 0, 0, 1, 0, 0, 0, 1),
			["LeftUpperArm"] = CFrame.new(0, 0, 0, 1, 0, 0, 0, -0.75930, 0.65074, 0, -0.65074, -0.75930),
			["LeftLowerArm"] = CFrame.new(0, 0, 0, 1, 0, 0, 0, -0.98271, 0.18513, 0, -0.18513, -0.98271),
			["RightUpperArm"] = CFrame.new(0, 0, 0, 1, 0, 0, 0, 0.99679, 0.08012, 0, -0.08012, 0.99679),
			["RightLowerArm"] = CFrame.new(0, 0, 0, 1, 0, 0, 0, 0.99923, 0.03911, 0, -0.03911, 0.99923),
			["LeftUpperLeg"] = CFrame.new(0, 0, 0, 0.99, 0.09, 0.09, -0.08, 0.99, -0.08, -0.1, 0.07, 0.99),
			["LeftLowerLeg"] = CFrame.new(0, 0, 0, 0.997, -0.055, 0.05, 0.05, 0.995, 0.09, -0.055, -0.087, 0.995),
			["RightUpperLeg"] = CFrame.new(0, 0, 0, 0.983, -0.06, -0.17, 0.047, 0.996, -0.08, 0.175, 0.07, 0.982),
			["RightLowerLeg"] = CFrame.new(0, 0, 0, 0.998, 0.057, 0, -0.057, 0.995, 0.083, 0.005, -0.083, 0.997),
		}},
		{Time = 0.03333, Data = {
			["HumanoidRootPart"] = CFrame.new(0, 0, 0, 1, 0, 0, 0, 1, 0, 0, 0, 1),
			["LowerTorso"] = CFrame.new(0, 0, 0, 1, 0, 0, 0, 1, 0, 0, 0, 1),
			["UpperTorso"] = CFrame.new(0.00001, 0, -0.00001, 1, 0, 0, 0, -0.79900, 0.60133, 0, -0.60133, -0.79900),
			["Head"] = CFrame.new(-0.05453, -0.01003, 0, 1, 0, 0, 0, 1, 0, 0, 0, 1),
			["LeftUpperArm"] = CFrame.new(0, 0, 0, 1, 0, 0, 0, -0.76387, 0.64537, 0, -0.64537, -0.76387),
			["LeftLowerArm"] = CFrame.new(0, 0, 0, 1, 0, 0, 0, -0.98305, 0.18336, 0, -0.18336, -0.98305),
			["RightUpperArm"] = CFrame.new(0, 0, 0, 1, 0, 0, 0, 0.99770, 0.06771, 0, -0.06771, 0.99770),
			["RightLowerArm"] = CFrame.new(0, 0, 0, 1, 0, 0, 0, 0.99978, 0.02115, 0, -0.02115, 0.99978),
			["LeftUpperLeg"] = CFrame.new(0, 0, 0, 0.99, 0.09, 0.09, -0.08, 0.99, -0.08, -0.1, 0.07, 0.99),
			["LeftLowerLeg"] = CFrame.new(0, 0, 0, 0.997, -0.055, 0.05, 0.05, 0.995, 0.09, -0.055, -0.087, 0.995),
			["RightUpperLeg"] = CFrame.new(0, 0, 0, 0.983, -0.06, -0.17, 0.047, 0.996, -0.08, 0.175, 0.07, 0.982),
			["RightLowerLeg"] = CFrame.new(0, 0, 0, 0.998, 0.057, 0, -0.057, 0.995, 0.083, 0.005, -0.083, 0.997),
		}},
		{Time = 0.06667, Data = {
			["HumanoidRootPart"] = CFrame.new(0, 0, 0, 1, 0, 0, 0, 1, 0, 0, 0, 1),
			["LowerTorso"] = CFrame.new(0, 0, 0, 1, 0, 0, 0, 1, 0, 0, 0, 1),
			["UpperTorso"] = CFrame.new(0.00001, 0, -0.00001, 1, 0, 0, 0, -0.79844, 0.60207, 0, -0.60207, -0.79844),
			["Head"] = CFrame.new(-0.05448, -0.01004, 0, 1, 0, 0, 0, 1, 0, 0, 0, 1),
			["LeftUpperArm"] = CFrame.new(0, 0, 0, 1, 0, 0, 0, -0.76645, 0.64230, 0, -0.64230, -0.76645),
			["LeftLowerArm"] = CFrame.new(0, 0, 0, 1, 0, 0, 0, -0.98129, 0.19255, 0, -0.19255, -0.98129),
			["RightUpperArm"] = CFrame.new(0, 0, 0, 1, 0, 0, 0, 0.99857, 0.05342, 0, -0.05342, 0.99857),
			["RightLowerArm"] = CFrame.new(0, 0, 0, 1, 0, 0, 0, 0.99990, 0.01446, 0, -0.01446, 0.99990),
			["LeftUpperLeg"] = CFrame.new(0, 0, 0, 0.99, 0.09, 0.09, -0.08, 0.99, -0.08, -0.1, 0.07, 0.99),
			["LeftLowerLeg"] = CFrame.new(0, 0, 0, 0.997, -0.055, 0.05, 0.05, 0.995, 0.09, -0.055, -0.087, 0.995),
			["RightUpperLeg"] = CFrame.new(0, 0, 0, 0.983, -0.06, -0.17, 0.047, 0.996, -0.08, 0.175, 0.07, 0.982),
			["RightLowerLeg"] = CFrame.new(0, 0, 0, 0.998, 0.057, 0, -0.057, 0.995, 0.083, 0.005, -0.083, 0.997),
		}},
		{Time = 0.1, Data = {
			["HumanoidRootPart"] = CFrame.new(0, 0, 0, 1, 0, 0, 0, 1, 0, 0, 0, 1),
			["LowerTorso"] = CFrame.new(0, 0, 0, 1, 0, 0, 0, 1, 0, 0, 0, 1),
			["UpperTorso"] = CFrame.new(0.00001, 0, -0.00001, 1, 0, 0, 0, -0.79812, 0.60250, 0, -0.60250, -0.79812),
			["Head"] = CFrame.new(-0.05449, -0.01011, 0, 1, 0, 0, 0, 1, 0, 0, 0, 1),
			["LeftUpperArm"] = CFrame.new(0, 0, 0, 1, 0, 0, 0, -0.77206, 0.63555, 0, -0.63555, -0.77206),
			["LeftLowerArm"] = CFrame.new(0, 0, 0, 1, 0, 0, 0, -0.98408, 0.17773, 0, -0.17773, -0.98408),
			["RightUpperArm"] = CFrame.new(0, 0, 0, 1, 0, 0, 0, 0.99927, 0.03817, 0, -0.03817, 0.99927),
			["RightLowerArm"] = CFrame.new(0, 0, 0, 1, 0, 0, 0, 0.99997, 0.00752, 0, -0.00752, 0.99997),
			["LeftUpperLeg"] = CFrame.new(0, 0, 0, 0.99, 0.09, 0.09, -0.08, 0.99, -0.08, -0.1, 0.07, 0.99),
			["LeftLowerLeg"] = CFrame.new(0, 0, 0, 0.997, -0.055, 0.05, 0.05, 0.995, 0.09, -0.055, -0.087, 0.995),
			["RightUpperLeg"] = CFrame.new(0, 0, 0, 0.983, -0.06, -0.17, 0.047, 0.996, -0.08, 0.175, 0.07, 0.982),
			["RightLowerLeg"] = CFrame.new(0, 0, 0, 0.998, 0.057, 0, -0.057, 0.995, 0.083, 0.005, -0.083, 0.997),
		}},
		{Time = 0.13333, Data = {
			["HumanoidRootPart"] = CFrame.new(0, 0, 0, 1, 0, 0, 0, 1, 0, 0, 0, 1),
			["LowerTorso"] = CFrame.new(0, 0, 0, 1, 0, 0, 0, 1, 0, 0, 0, 1),
			["UpperTorso"] = CFrame.new(0.00001, 0, -0.00001, 1, 0, 0, 0, -0.79250, 0.60988, 0, -0.60988, -0.79250),
			["Head"] = CFrame.new(-0.05495, -0.01017, 0, 1, 0, 0, 0, 1, 0, 0, 0, 1),
			["LeftUpperArm"] = CFrame.new(0, 0, 0, 1, 0, 0, 0, -0.75212, 0.65902, 0, -0.65902, -0.75212),
			["LeftLowerArm"] = CFrame.new(0, 0, 0, 1, 0, 0, 0, -0.98152, 0.19134, 0, -0.19134, -0.98152),
			["RightUpperArm"] = CFrame.new(0, 0, 0, 1, 0, 0, 0, 0.99883, 0.04845, 0, -0.04845, 0.99883),
			["RightLowerArm"] = CFrame.new(0, 0, 0, 1, 0, 0, 0, 0.99969, 0.02473, 0, -0.02473, 0.99969),
			["LeftUpperLeg"] = CFrame.new(0, 0, 0, 0.99, 0.09, 0.09, -0.08, 0.99, -0.08, -0.1, 0.07, 0.99),
			["LeftLowerLeg"] = CFrame.new(0, 0, 0, 0.997, -0.055, 0.05, 0.05, 0.995, 0.09, -0.055, -0.087, 0.995),
			["RightUpperLeg"] = CFrame.new(0, 0, 0, 0.983, -0.06, -0.17, 0.047, 0.996, -0.08, 0.175, 0.07, 0.982),
			["RightLowerLeg"] = CFrame.new(0, 0, 0, 0.998, 0.057, 0, -0.057, 0.995, 0.083, 0.005, -0.083, 0.997),
		}},
		{Time = 0.16667, Data = {
			["HumanoidRootPart"] = CFrame.new(0, 0, 0, 1, 0, 0, 0, 1, 0, 0, 0, 1),
			["LowerTorso"] = CFrame.new(0, 0, 0, 1, 0, 0, 0, 1, 0, 0, 0, 1),
			["UpperTorso"] = CFrame.new(0.00001, 0, -0.00001, 1, 0, 0, 0, -0.79264, 0.60969, 0, -0.60969, -0.79264),
			["Head"] = CFrame.new(-0.05491, -0.01015, 0, 1, 0, 0, 0, 1, 0, 0, 0, 1),
			["LeftUpperArm"] = CFrame.new(0, 0, 0, 1, 0, 0, 0, -0.75765, 0.65267, 0, -0.65267, -0.75765),
			["LeftLowerArm"] = CFrame.new(0, 0, 0, 1, 0, 0, 0, -0.98254, 0.18604, 0, -0.18604, -0.98254),
			["RightUpperArm"] = CFrame.new(0, 0, 0, 1, 0, 0, 0, 0.99920, 0.03997, 0, -0.03997, 0.99920),
			["RightLowerArm"] = CFrame.new(0, 0, 0, 1, 0, 0, 0, 0.99954, 0.03028, 0, -0.03028, 0.99954),
			["LeftUpperLeg"] = CFrame.new(0, 0, 0, 0.99, 0.09, 0.09, -0.08, 0.99, -0.08, -0.1, 0.07, 0.99),
			["LeftLowerLeg"] = CFrame.new(0, 0, 0, 0.997, -0.055, 0.05, 0.05, 0.995, 0.09, -0.055, -0.087, 0.995),
			["RightUpperLeg"] = CFrame.new(0, 0, 0, 0.983, -0.06, -0.17, 0.047, 0.996, -0.08, 0.175, 0.07, 0.982),
			["RightLowerLeg"] = CFrame.new(0, 0, 0, 0.998, 0.057, 0, -0.057, 0.995, 0.083, 0.005, -0.083, 0.997),
		}},
		{Time = 0.2, Data = {
			["HumanoidRootPart"] = CFrame.new(0, 0, 0, 1, 0, 0, 0, 1, 0, 0, 0, 1),
			["LowerTorso"] = CFrame.new(0, 0, 0, 1, 0, 0, 0, 1, 0, 0, 0, 1),
			["UpperTorso"] = CFrame.new(0.00001, 0, -0.00001, 1, 0, 0, 0, -0.79873, 0.60170, 0, -0.60170, -0.79873),
			["Head"] = CFrame.new(-0.05482, -0.01021, 0, 1, 0, 0, 0, 1, 0, 0, 0, 1),
			["LeftUpperArm"] = CFrame.new(0, 0, 0, 1, 0, 0, 0, -0.73877, 0.67396, 0, -0.67396, -0.73877),
			["LeftLowerArm"] = CFrame.new(0, 0, 0, 1, 0, 0, 0, -0.97007, 0.24283, 0, -0.24283, -0.97007),
			["RightUpperArm"] = CFrame.new(0, 0, 0, 1, 0, 0, 0, 0.99990, 0.01403, 0, -0.01403, 0.99990),
			["RightLowerArm"] = CFrame.new(0, 0, 0, 1, 0, 0, 0, 0.99855, 0.05388, 0, -0.05388, 0.99855),
			["LeftUpperLeg"] = CFrame.new(0, 0, 0, 0.99, 0.09, 0.09, -0.08, 0.99, -0.08, -0.1, 0.07, 0.99),
			["LeftLowerLeg"] = CFrame.new(0, 0, 0, 0.997, -0.055, 0.05, 0.05, 0.995, 0.09, -0.055, -0.087, 0.995),
			["RightUpperLeg"] = CFrame.new(0, 0, 0, 0.983, -0.06, -0.17, 0.047, 0.996, -0.08, 0.175, 0.07, 0.982),
			["RightLowerLeg"] = CFrame.new(0, 0, 0, 0.998, 0.057, 0, -0.057, 0.995, 0.083, 0.005, -0.083, 0.997),
		}},
		{Time = 0.23333, Data = {
			["HumanoidRootPart"] = CFrame.new(0, 0, 0, 1, 0, 0, 0, 1, 0, 0, 0, 1),
			["LowerTorso"] = CFrame.new(0, 0, 0, 1, 0, 0, 0, 1, 0, 0, 0, 1),
			["UpperTorso"] = CFrame.new(0.00001, 0, -0.00001, 1, 0, 0, 0, -0.79883, 0.60156, 0, -0.60156, -0.79883),
			["Head"] = CFrame.new(-0.05481, -0.01021, 0, 1, 0, 0, 0, 1, 0, 0, 0, 1),
			["LeftUpperArm"] = CFrame.new(0, 0, 0, 1, 0, 0, 0, -0.74513, 0.66692, 0, -0.66692, -0.74513),
			["LeftLowerArm"] = CFrame.new(0, 0, 0, 1, 0, 0, 0, -0.97390, 0.22699, 0, -0.22699, -0.97390),
			["RightUpperArm"] = CFrame.new(0, 0, 0, 1, 0, 0, 0, 0.99995, 0.01000, 0, -0.01000, 0.99995),
			["RightLowerArm"] = CFrame.new(0, 0, 0, 1, 0, 0, 0, 0.99816, 0.06056, 0, -0.06056, 0.99816),
			["LeftUpperLeg"] = CFrame.new(0, 0, 0, 0.99, 0.09, 0.09, -0.08, 0.99, -0.08, -0.1, 0.07, 0.99),
			["LeftLowerLeg"] = CFrame.new(0, 0, 0, 0.997, -0.055, 0.05, 0.05, 0.995, 0.09, -0.055, -0.087, 0.995),
			["RightUpperLeg"] = CFrame.new(0, 0, 0, 0.983, -0.06, -0.17, 0.047, 0.996, -0.08, 0.175, 0.07, 0.982),
			["RightLowerLeg"] = CFrame.new(0, 0, 0, 0.998, 0.057, 0, -0.057, 0.995, 0.083, 0.005, -0.083, 0.997),
		}},
		{Time = 0.26667, Data = {
			["HumanoidRootPart"] = CFrame.new(0, 0, 0, 1, 0, 0, 0, 1, 0, 0, 0, 1),
			["LowerTorso"] = CFrame.new(0, 0, 0, 1, 0, 0, 0, 1, 0, 0, 0, 1),
			["UpperTorso"] = CFrame.new(0.00001, 0, -0.00001, 1, 0, 0, 0, -0.79926, 0.60098, 0, -0.60098, -0.79926),
			["Head"] = CFrame.new(-0.05484, -0.01020, 0, 1, 0, 0, 0, 1, 0, 0, 0, 1),
			["LeftUpperArm"] = CFrame.new(0, 0, 0, 1, 0, 0, 0, -0.74802, 0.66367, 0, -0.66367, -0.74802),
			["LeftLowerArm"] = CFrame.new(0, 0, 0, 1, 0, 0, 0, -0.97304, 0.23063, 0, -0.23063, -0.97304),
			["RightUpperArm"] = CFrame.new(0, 0, 0, 1, 0, 0, 0, 0.99993, 0.01169, 0, -0.01169, 0.99993),
			["RightLowerArm"] = CFrame.new(0, 0, 0, 1, 0, 0, 0, 0.99886, 0.04775, 0, -0.04775, 0.99886),
			["LeftUpperLeg"] = CFrame.new(0, 0, 0, 0.99, 0.09, 0.09, -0.08, 0.99, -0.08, -0.1, 0.07, 0.99),
			["LeftLowerLeg"] = CFrame.new(0, 0, 0, 0.997, -0.055, 0.05, 0.05, 0.995, 0.09, -0.055, -0.087, 0.995),
			["RightUpperLeg"] = CFrame.new(0, 0, 0, 0.983, -0.06, -0.17, 0.047, 0.996, -0.08, 0.175, 0.07, 0.982),
			["RightLowerLeg"] = CFrame.new(0, 0, 0, 0.998, 0.057, 0, -0.057, 0.995, 0.083, 0.005, -0.083, 0.997),
		}},
		{Time = 0.3, Data = {
			["HumanoidRootPart"] = CFrame.new(0, 0, 0, 1, 0, 0, 0, 1, 0, 0, 0, 1),
			["LowerTorso"] = CFrame.new(0, 0, 0, 1, 0, 0, 0, 1, 0, 0, 0, 1),
			["UpperTorso"] = CFrame.new(0.00001, 0, -0.00001, 1, 0, 0, 0, -0.79901, 0.60132, 0, -0.60132, -0.79901),
			["Head"] = CFrame.new(-0.05487, -0.01019, 0, 1, 0, 0, 0, 1, 0, 0, 0, 1),
			["LeftUpperArm"] = CFrame.new(0, 0, 0, 1, 0, 0, 0, -0.75177, 0.65943, 0, -0.65943, -0.75177),
			["LeftLowerArm"] = CFrame.new(0, 0, 0, 1, 0, 0, 0, -0.97352, 0.22860, 0, -0.22860, -0.97352),
			["RightUpperArm"] = CFrame.new(0, 0, 0, 1, 0, 0, 0, 0.99996, 0.00856, 0, -0.00856, 0.99996),
			["RightLowerArm"] = CFrame.new(0, 0, 0, 1, 0, 0, 0, 0.99909, 0.04258, 0, -0.04258, 0.99909),
			["LeftUpperLeg"] = CFrame.new(0, 0, 0, 0.99, 0.09, 0.09, -0.08, 0.99, -0.08, -0.1, 0.07, 0.99),
			["LeftLowerLeg"] = CFrame.new(0, 0, 0, 0.997, -0.055, 0.05, 0.05, 0.995, 0.09, -0.055, -0.087, 0.995),
			["RightUpperLeg"] = CFrame.new(0, 0, 0, 0.983, -0.06, -0.17, 0.047, 0.996, -0.08, 0.175, 0.07, 0.982),
			["RightLowerLeg"] = CFrame.new(0, 0, 0, 0.998, 0.057, 0, -0.057, 0.995, 0.083, 0.005, -0.083, 0.997),
		}},
		{Time = 0.33333, Data = {
			["HumanoidRootPart"] = CFrame.new(0, 0, 0, 1, 0, 0, 0, 1, 0, 0, 0, 1),
			["LowerTorso"] = CFrame.new(0, 0, 0, 1, 0, 0, 0, 1, 0, 0, 0, 1),
			["UpperTorso"] = CFrame.new(0.00001, 0, -0.00001, 1, 0, 0, 0, -0.79854, 0.60194, 0, -0.60194, -0.79854),
			["Head"] = CFrame.new(-0.05487, -0.01019, 0, 1, 0, 0, 0, 1, 0, 0, 0, 1),
			["LeftUpperArm"] = CFrame.new(0, 0, 0, 1, 0, 0, 0, -0.75567, 0.65495, 0, -0.65495, -0.75567),
			["LeftLowerArm"] = CFrame.new(0, 0, 0, 1, 0, 0, 0, -0.97507, 0.22192, 0, -0.22192, -0.97507),
			["RightUpperArm"] = CFrame.new(0, 0, 0, 1, 0, 0, 0, 0.99985, 0.01753, 0, -0.01753, 0.99985),
			["RightLowerArm"] = CFrame.new(0, 0, 0, 1, 0, 0, 0, 0.99947, 0.03260, 0, -0.03260, 0.99947),
			["LeftUpperLeg"] = CFrame.new(0, 0, 0, 0.99, 0.09, 0.09, -0.08, 0.99, -0.08, -0.1, 0.07, 0.99),
			["LeftLowerLeg"] = CFrame.new(0, 0, 0, 0.997, -0.055, 0.05, 0.05, 0.995, 0.09, -0.055, -0.087, 0.995),
			["RightUpperLeg"] = CFrame.new(0, 0, 0, 0.983, -0.06, -0.17, 0.047, 0.996, -0.08, 0.175, 0.07, 0.982),
			["RightLowerLeg"] = CFrame.new(0, 0, 0, 0.998, 0.057, 0, -0.057, 0.995, 0.083, 0.005, -0.083, 0.997),
		}},
		{Time = 0.36667, Data = {
			["HumanoidRootPart"] = CFrame.new(0, 0, 0, 1, 0, 0, 0, 1, 0, 0, 0, 1),
			["LowerTorso"] = CFrame.new(0, 0, 0, 1, 0, 0, 0, 1, 0, 0, 0, 1),
			["UpperTorso"] = CFrame.new(0.00001, 0, -0.00001, 1, 0, 0, 0, -0.79841, 0.60212, 0, -0.60212, -0.79841),
			["Head"] = CFrame.new(-0.05490, -0.01020, 0, 1, 0, 0, 0, 1, 0, 0, 0, 1),
			["LeftUpperArm"] = CFrame.new(0, 0, 0, 1, 0, 0, 0, -0.75142, 0.65982, 0, -0.65982, -0.75142),
			["LeftLowerArm"] = CFrame.new(0, 0, 0, 1, 0, 0, 0, -0.97262, 0.23238, 0, -0.23238, -0.97262),
			["RightUpperArm"] = CFrame.new(0, 0, 0, 1, 0, 0, 0, 0.99973, 0.02331, 0, -0.02331, 0.99973),
			["RightLowerArm"] = CFrame.new(0, 0, 0, 1, 0, 0, 0, 0.99971, 0.02391, 0, -0.02391, 0.99971),
			["LeftUpperLeg"] = CFrame.new(0, 0, 0, 0.99, 0.09, 0.09, -0.08, 0.99, -0.08, -0.1, 0.07, 0.99),
			["LeftLowerLeg"] = CFrame.new(0, 0, 0, 0.997, -0.055, 0.05, 0.05, 0.995, 0.09, -0.055, -0.087, 0.995),
			["RightUpperLeg"] = CFrame.new(0, 0, 0, 0.983, -0.06, -0.17, 0.047, 0.996, -0.08, 0.175, 0.07, 0.982),
			["RightLowerLeg"] = CFrame.new(0, 0, 0, 0.998, 0.057, 0, -0.057, 0.995, 0.083, 0.005, -0.083, 0.997),
		}},
		{Time = 0.4, Data = {
			["HumanoidRootPart"] = CFrame.new(0, 0, 0, 1, 0, 0, 0, 1, 0, 0, 0, 1),
			["LowerTorso"] = CFrame.new(0, 0, 0, 1, 0, 0, 0, 1, 0, 0, 0, 1),
			["UpperTorso"] = CFrame.new(0.00001, 0, -0.00001, 1, 0, 0, 0, -0.79993, 0.60009, 0, -0.60009, -0.79993),
			["Head"] = CFrame.new(-0.05492, -0.01018, 0, 1, 0, 0, 0, 1, 0, 0, 0, 1),
			["LeftUpperArm"] = CFrame.new(0, 0, 0, 1, 0, 0, 0, -0.74954, 0.66196, 0, -0.66196, -0.74954),
			["LeftLowerArm"] = CFrame.new(0, 0, 0, 1, 0, 0, 0, -0.97264, 0.23231, 0, -0.23231, -0.97264),
			["RightUpperArm"] = CFrame.new(0, 0, 0, 1, 0, 0, 0, 0.99971, 0.02408, 0, -0.02408, 0.99971),
			["RightLowerArm"] = CFrame.new(0, 0, 0, 1, 0, 0, 0, 0.99896, 0.04557, 0, -0.04557, 0.99896),
			["LeftUpperLeg"] = CFrame.new(0, 0, 0, 0.99, 0.09, 0.09, -0.08, 0.99, -0.08, -0.1, 0.07, 0.99),
			["LeftLowerLeg"] = CFrame.new(0, 0, 0, 0.997, -0.055, 0.05, 0.05, 0.995, 0.09, -0.055, -0.087, 0.995),
			["RightUpperLeg"] = CFrame.new(0, 0, 0, 0.983, -0.06, -0.17, 0.047, 0.996, -0.08, 0.175, 0.07, 0.982),
			["RightLowerLeg"] = CFrame.new(0, 0, 0, 0.998, 0.057, 0, -0.057, 0.995, 0.083, 0.005, -0.083, 0.997),
		}},
		{Time = 0.43333, Data = {
			["HumanoidRootPart"] = CFrame.new(0, 0, 0, 1, 0, 0, 0, 1, 0, 0, 0, 1),
			["LowerTorso"] = CFrame.new(0, 0, 0, 1, 0, 0, 0, 1, 0, 0, 0, 1),
			["UpperTorso"] = CFrame.new(0.00001, 0, -0.00001, 1, 0, 0, 0, -0.79991, 0.60012, 0, -0.60012, -0.79991),
			["Head"] = CFrame.new(-0.05498, -0.01019, 0, 1, 0, 0, 0, 1, 0, 0, 0, 1),
			["LeftUpperArm"] = CFrame.new(0, 0, 0, 1, 0, 0, 0, -0.74968, 0.66180, 0, -0.66180, -0.74968),
			["LeftLowerArm"] = CFrame.new(0, 0, 0, 1, 0, 0, 0, -0.97297, 0.23092, 0, -0.23092, -0.97297),
			["RightUpperArm"] = CFrame.new(0, 0, 0, 1, 0, 0, 0, 0.99965, 0.02662, 0, -0.02662, 0.99965),
			["RightLowerArm"] = CFrame.new(0, 0, 0, 1, 0, 0, 0, 0.99868, 0.05142, 0, -0.05142, 0.99868),
			["LeftUpperLeg"] = CFrame.new(0, 0, 0, 0.99, 0.09, 0.09, -0.08, 0.99, -0.08, -0.1, 0.07, 0.99),
			["LeftLowerLeg"] = CFrame.new(0, 0, 0, 0.997, -0.055, 0.05, 0.05, 0.995, 0.09, -0.055, -0.087, 0.995),
			["RightUpperLeg"] = CFrame.new(0, 0, 0, 0.983, -0.06, -0.17, 0.047, 0.996, -0.08, 0.175, 0.07, 0.982),
			["RightLowerLeg"] = CFrame.new(0, 0, 0, 0.998, 0.057, 0, -0.057, 0.995, 0.083, 0.005, -0.083, 0.997),
		}},
		{Time = 0.46667, Data = {
			["HumanoidRootPart"] = CFrame.new(0, 0, 0, 1, 0, 0, 0, 1, 0, 0, 0, 1),
			["LowerTorso"] = CFrame.new(0, 0, 0, 1, 0, 0, 0, 1, 0, 0, 0, 1),
			["UpperTorso"] = CFrame.new(0.00001, 0, -0.00001, 1, 0, 0, 0, -0.80001, 0.59998, 0, -0.59998, -0.80001),
			["Head"] = CFrame.new(-0.05502, -0.01015, 0, 1, 0, 0, 0, 1, 0, 0, 0, 1),
			["LeftUpperArm"] = CFrame.new(0, 0, 0, 1, 0, 0, 0, -0.74743, 0.66434, 0, -0.66434, -0.74743),
			["LeftLowerArm"] = CFrame.new(0, 0, 0, 1, 0, 0, 0, -0.97299, 0.23083, 0, -0.23083, -0.97299),
			["RightUpperArm"] = CFrame.new(0, 0, 0, 1, 0, 0, 0, 0.99936, 0.03585, 0, -0.03585, 0.99936),
			["RightLowerArm"] = CFrame.new(0, 0, 0, 1, 0, 0, 0, 0.99901, 0.04447, 0, -0.04447, 0.99901),
			["LeftUpperLeg"] = CFrame.new(0, 0, 0, 0.99, 0.09, 0.09, -0.08, 0.99, -0.08, -0.1, 0.07, 0.99),
			["LeftLowerLeg"] = CFrame.new(0, 0, 0, 0.997, -0.055, 0.05, 0.05, 0.995, 0.09, -0.055, -0.087, 0.995),
			["RightUpperLeg"] = CFrame.new(0, 0, 0, 0.983, -0.06, -0.17, 0.047, 0.996, -0.08, 0.175, 0.07, 0.982),
			["RightLowerLeg"] = CFrame.new(0, 0, 0, 0.998, 0.057, 0, -0.057, 0.995, 0.083, 0.005, -0.083, 0.997),
		}},
		{Time = 0.5, Data = {
			["HumanoidRootPart"] = CFrame.new(0, 0, 0, 1, 0, 0, 0, 1, 0, 0, 0, 1),
			["LowerTorso"] = CFrame.new(0, 0, 0, 1, 0, 0, 0, 1, 0, 0, 0, 1),
			["UpperTorso"] = CFrame.new(0.00001, 0, -0.00001, 1, 0, 0, 0, -0.80103, 0.59862, 0, -0.59862, -0.80103),
			["Head"] = CFrame.new(-0.05497, -0.01013, 0, 1, 0, 0, 0, 1, 0, 0, 0, 1),
			["LeftUpperArm"] = CFrame.new(0, 0, 0, 1, 0, 0, 0, -0.74306, 0.66922, 0, -0.66922, -0.74306),
			["LeftLowerArm"] = CFrame.new(0, 0, 0, 1, 0, 0, 0, -0.97064, 0.24054, 0, -0.24054, -0.97064),
			["RightUpperArm"] = CFrame.new(0, 0, 0, 1, 0, 0, 0, 0.99870, 0.05101, 0, -0.05101, 0.99870),
			["RightLowerArm"] = CFrame.new(0, 0, 0, 1, 0, 0, 0, 0.99918, 0.04043, 0, -0.04043, 0.99918),
			["LeftUpperLeg"] = CFrame.new(0, 0, 0, 0.99, 0.09, 0.09, -0.08, 0.99, -0.08, -0.1, 0.07, 0.99),
			["LeftLowerLeg"] = CFrame.new(0, 0, 0, 0.997, -0.055, 0.05, 0.05, 0.995, 0.09, -0.055, -0.087, 0.995),
			["RightUpperLeg"] = CFrame.new(0, 0, 0, 0.983, -0.06, -0.17, 0.047, 0.996, -0.08, 0.175, 0.07, 0.982),
			["RightLowerLeg"] = CFrame.new(0, 0, 0, 0.998, 0.057, 0, -0.057, 0.995, 0.083, 0.005, -0.083, 0.997),
		}},
		{Time = 0.53333, Data = {
			["HumanoidRootPart"] = CFrame.new(0, 0, 0, 1, 0, 0, 0, 1, 0, 0, 0, 1),
			["LowerTorso"] = CFrame.new(0, 0, 0, 1, 0, 0, 0, 1, 0, 0, 0, 1),
			["UpperTorso"] = CFrame.new(0.00001, 0, -0.00001, 1, 0, 0, 0, -0.80029, 0.59961, 0, -0.59961, -0.80029),
			["Head"] = CFrame.new(-0.05528, -0.01001, 0, 1, 0, 0, 0, 1, 0, 0, 0, 1),
			["LeftUpperArm"] = CFrame.new(0, 0, 0, 1, 0, 0, 0, -0.74833, 0.66333, 0, -0.66333, -0.74833),
			["LeftLowerArm"] = CFrame.new(0, 0, 0, 1, 0, 0, 0, -0.97279, 0.23169, 0, -0.23169, -0.97279),
			["RightUpperArm"] = CFrame.new(0, 0, 0, 1, 0, 0, 0, 0.99846, 0.05547, 0, -0.05547, 0.99846),
			["RightLowerArm"] = CFrame.new(0, 0, 0, 1, 0, 0, 0, 0.99921, 0.03965, 0, -0.03965, 0.99921),
			["LeftUpperLeg"] = CFrame.new(0, 0, 0, 0.99, 0.09, 0.09, -0.08, 0.99, -0.08, -0.1, 0.07, 0.99),
			["LeftLowerLeg"] = CFrame.new(0, 0, 0, 0.997, -0.055, 0.05, 0.05, 0.995, 0.09, -0.055, -0.087, 0.995),
			["RightUpperLeg"] = CFrame.new(0, 0, 0, 0.983, -0.06, -0.17, 0.047, 0.996, -0.08, 0.175, 0.07, 0.982),
			["RightLowerLeg"] = CFrame.new(0, 0, 0, 0.998, 0.057, 0, -0.057, 0.995, 0.083, 0.005, -0.083, 0.997),
		}},
		{Time = 0.56667, Data = {
			["HumanoidRootPart"] = CFrame.new(0, 0, 0, 1, 0, 0, 0, 1, 0, 0, 0, 1),
			["LowerTorso"] = CFrame.new(0, 0, 0, 1, 0, 0, 0, 1, 0, 0, 0, 1),
			["UpperTorso"] = CFrame.new(0.00001, 0, -0.00001, 1, 0, 0, 0, -0.79966, 0.60045, 0, -0.60045, -0.79966),
			["Head"] = CFrame.new(-0.05554, -0.00993, 0, 1, 0, 0, 0, 1, 0, 0, 0, 1),
			["LeftUpperArm"] = CFrame.new(0, 0, 0, 1, 0, 0, 0, -0.75697, 0.65345, 0, -0.65345, -0.75697),
			["LeftLowerArm"] = CFrame.new(0, 0, 0, 1, 0, 0, 0, -0.97984, 0.19979, 0, -0.19979, -0.97984),
			["RightUpperArm"] = CFrame.new(0, 0, 0, 1, 0, 0, 0, 0.99939, 0.03488, 0, -0.03488, 0.99939),
			["RightLowerArm"] = CFrame.new(0, 0, 0, 1, 0, 0, 0, 0.99915, 0.04110, 0, -0.04110, 0.99915),
			["LeftUpperLeg"] = CFrame.new(0, 0, 0, 0.99, 0.09, 0.09, -0.08, 0.99, -0.08, -0.1, 0.07, 0.99),
			["LeftLowerLeg"] = CFrame.new(0, 0, 0, 0.997, -0.055, 0.05, 0.05, 0.995, 0.09, -0.055, -0.087, 0.995),
			["RightUpperLeg"] = CFrame.new(0, 0, 0, 0.983, -0.06, -0.17, 0.047, 0.996, -0.08, 0.175, 0.07, 0.982),
			["RightLowerLeg"] = CFrame.new(0, 0, 0, 0.998, 0.057, 0, -0.057, 0.995, 0.083, 0.005, -0.083, 0.997),
		}},
		{Time = 0.6, Data = {
			["HumanoidRootPart"] = CFrame.new(0, 0, 0, 1, 0, 0, 0, 1, 0, 0, 0, 1),
			["LowerTorso"] = CFrame.new(0, 0, 0, 1, 0, 0, 0, 1, 0, 0, 0, 1),
			["UpperTorso"] = CFrame.new(0.00001, 0, -0.00001, 1, 0, 0, 0, -0.80319, 0.59573, 0, -0.59573, -0.80319),
			["Head"] = CFrame.new(-0.05577, -0.00987, 0, 1, 0, 0, 0, 1, 0, 0, 0, 1),
			["LeftUpperArm"] = CFrame.new(0, 0, 0, 1, 0, 0, 0, -0.78124, 0.62423, 0, -0.62423, -0.78124),
			["LeftLowerArm"] = CFrame.new(0, 0, 0, 1, 0, 0, 0, -0.97917, 0.20304, 0, -0.20304, -0.97917),
			["RightUpperArm"] = CFrame.new(0, 0, 0, 1, 0, 0, 0, 0.99905, 0.04352, 0, -0.04352, 0.99905),
			["RightLowerArm"] = CFrame.new(0, 0, 0, 1, 0, 0, 0, 0.99945, 0.03307, 0, -0.03307, 0.99945),
			["LeftUpperLeg"] = CFrame.new(0, 0, 0, 0.99, 0.09, 0.09, -0.08, 0.99, -0.08, -0.1, 0.07, 0.99),
			["LeftLowerLeg"] = CFrame.new(0, 0, 0, 0.997, -0.055, 0.05, 0.05, 0.995, 0.09, -0.055, -0.087, 0.995),
			["RightUpperLeg"] = CFrame.new(0, 0, 0, 0.983, -0.06, -0.17, 0.047, 0.996, -0.08, 0.175, 0.07, 0.982),
			["RightLowerLeg"] = CFrame.new(0, 0, 0, 0.998, 0.057, 0, -0.057, 0.995, 0.083, 0.005, -0.083, 0.997),
		}},
		{Time = 0.63333, Data = {
			["HumanoidRootPart"] = CFrame.new(0, 0, 0, 1, 0, 0, 0, 1, 0, 0, 0, 1),
			["LowerTorso"] = CFrame.new(0, 0, 0, 1, 0, 0, 0, 1, 0, 0, 0, 1),
			["UpperTorso"] = CFrame.new(0.00001, 0, -0.00001, 1, 0, 0, 0, -0.79382, 0.60815, 0, -0.60815, -0.79382),
			["Head"] = CFrame.new(-0.05697, -0.01007, 0, 1, 0, 0, 0, 1, 0, 0, 0, 1),
			["LeftUpperArm"] = CFrame.new(0, 0, 0, 1, 0, 0, 0, -0.78065, 0.62497, 0, -0.62497, -0.78065),
			["LeftLowerArm"] = CFrame.new(0, 0, 0, 1, 0, 0, 0, -0.98326, 0.18222, 0, -0.18222, -0.98326),
			["RightUpperArm"] = CFrame.new(0, 0, 0, 1, 0, 0, 0, 0.99991, 0.01332, 0, -0.01332, 0.99991),
			["RightLowerArm"] = CFrame.new(0, 0, 0, 1, 0, 0, 0, 0.99998, 0.00566, 0, -0.00566, 0.99998),
			["LeftUpperLeg"] = CFrame.new(0, 0, 0, 0.99, 0.09, 0.09, -0.08, 0.99, -0.08, -0.1, 0.07, 0.99),
			["LeftLowerLeg"] = CFrame.new(0, 0, 0, 0.997, -0.055, 0.05, 0.05, 0.995, 0.09, -0.055, -0.087, 0.995),
			["RightUpperLeg"] = CFrame.new(0, 0, 0, 0.983, -0.06, -0.17, 0.047, 0.996, -0.08, 0.175, 0.07, 0.982),
			["RightLowerLeg"] = CFrame.new(0, 0, 0, 0.998, 0.057, 0, -0.057, 0.995, 0.083, 0.005, -0.083, 0.997),
		}},
		{Time = 0.66667, Data = {
			["HumanoidRootPart"] = CFrame.new(0, 0, 0, 1, 0, 0, 0, 1, 0, 0, 0, 1),
			["LowerTorso"] = CFrame.new(0, 0, 0, 1, 0, 0, 0, 1, 0, 0, 0, 1),
			["UpperTorso"] = CFrame.new(0.00001, 0, -0.00001, 1, 0, 0, 0, -0.79359, 0.60845, 0, -0.60845, -0.79359),
			["Head"] = CFrame.new(-0.05771, -0.01031, 0, 1, 0, 0, 0, 1, 0, 0, 0, 1),
			["LeftUpperArm"] = CFrame.new(0, 0, 0, 1, 0, 0, 0, -0.78431, 0.62037, 0, -0.62037, -0.78431),
			["LeftLowerArm"] = CFrame.new(0, 0, 0, 1, 0, 0, 0, -0.98610, 0.16616, 0, -0.16616, -0.98610),
			["RightUpperArm"] = CFrame.new(0, 0, 0, 1, 0, 0, 0, 0.99906, 0.04324, 0, -0.04324, 0.99906),
			["RightLowerArm"] = CFrame.new(0, 0, 0, 1, 0, 0, 0, 0.99954, 0.03019, 0, -0.03019, 0.99954),
			["LeftUpperLeg"] = CFrame.new(0, 0, 0, 0.99, 0.09, 0.09, -0.08, 0.99, -0.08, -0.1, 0.07, 0.99),
			["LeftLowerLeg"] = CFrame.new(0, 0, 0, 0.997, -0.055, 0.05, 0.05, 0.995, 0.09, -0.055, -0.087, 0.995),
			["RightUpperLeg"] = CFrame.new(0, 0, 0, 0.983, -0.06, -0.17, 0.047, 0.996, -0.08, 0.175, 0.07, 0.982),
			["RightLowerLeg"] = CFrame.new(0, 0, 0, 0.998, 0.057, 0, -0.057, 0.995, 0.083, 0.005, -0.083, 0.997),
		}},
		{Time = 0.7, Data = {
			["HumanoidRootPart"] = CFrame.new(0, 0, 0, 1, 0, 0, 0, 1, 0, 0, 0, 1),
			["LowerTorso"] = CFrame.new(0, 0, 0, 1, 0, 0, 0, 1, 0, 0, 0, 1),
			["UpperTorso"] = CFrame.new(0.00001, 0, -0.00001, 1, 0, 0, 0, -0.79151, 0.61116, 0, -0.61116, -0.79151),
			["Head"] = CFrame.new(-0.05824, -0.01050, 0, 1, 0, 0, 0, 1, 0, 0, 0, 1),
			["LeftUpperArm"] = CFrame.new(0, 0, 0, 1, 0, 0, 0, -0.78242, 0.62275, 0, -0.62275, -0.78242),
			["LeftLowerArm"] = CFrame.new(0, 0, 0, 1, 0, 0, 0, -0.98340, 0.18143, 0, -0.18143, -0.98340),
			["RightUpperArm"] = CFrame.new(0, 0, 0, 1, 0, 0, 0, 0.99664, 0.08186, 0, -0.08186, 0.99664),
			["RightLowerArm"] = CFrame.new(0, 0, 0, 1, 0, 0, 0, 0.99790, 0.06476, 0, -0.06476, 0.99790),
			["LeftUpperLeg"] = CFrame.new(0, 0, 0, 0.99, 0.09, 0.09, -0.08, 0.99, -0.08, -0.1, 0.07, 0.99),
			["LeftLowerLeg"] = CFrame.new(0, 0, 0, 0.997, -0.055, 0.05, 0.05, 0.995, 0.09, -0.055, -0.087, 0.995),
			["RightUpperLeg"] = CFrame.new(0, 0, 0, 0.983, -0.06, -0.17, 0.047, 0.996, -0.08, 0.175, 0.07, 0.982),
			["RightLowerLeg"] = CFrame.new(0, 0, 0, 0.998, 0.057, 0, -0.057, 0.995, 0.083, 0.005, -0.083, 0.997),
		}},
		{Time = 0.73333, Data = {
			["HumanoidRootPart"] = CFrame.new(0, 0, 0, 1, 0, 0, 0, 1, 0, 0, 0, 1),
			["LowerTorso"] = CFrame.new(0, 0, 0, 1, 0, 0, 0, 1, 0, 0, 0, 1),
			["UpperTorso"] = CFrame.new(0.00001, 0, -0.00001, 1, 0, 0, 0, -0.79187, 0.61069, 0, -0.61069, -0.79187),
			["Head"] = CFrame.new(-0.05916, -0.01077, 0, 1, 0, 0, 0, 1, 0, 0, 0, 1),
			["LeftUpperArm"] = CFrame.new(0, 0, 0, 1, 0, 0, 0, -0.76737, 0.64121, 0, -0.64121, -0.76737),
			["LeftLowerArm"] = CFrame.new(0, 0, 0, 1, 0, 0, 0, -0.97546, 0.22017, 0, -0.22017, -0.97546),
			["RightUpperArm"] = CFrame.new(0, 0, 0, 1, 0, 0, 0, 0.99518, 0.09804, 0, -0.09804, 0.99518),
			["RightLowerArm"] = CFrame.new(0, 0, 0, 1, 0, 0, 0, 0.99520, 0.09783, 0, -0.09783, 0.99520),
			["LeftUpperLeg"] = CFrame.new(0, 0, 0, 0.99, 0.09, 0.09, -0.08, 0.99, -0.08, -0.1, 0.07, 0.99),
			["LeftLowerLeg"] = CFrame.new(0, 0, 0, 0.997, -0.055, 0.05, 0.05, 0.995, 0.09, -0.055, -0.087, 0.995),
			["RightUpperLeg"] = CFrame.new(0, 0, 0, 0.983, -0.06, -0.17, 0.047, 0.996, -0.08, 0.175, 0.07, 0.982),
			["RightLowerLeg"] = CFrame.new(0, 0, 0, 0.998, 0.057, 0, -0.057, 0.995, 0.083, 0.005, -0.083, 0.997),
		}},
		{Time = 0.76667, Data = {
			["HumanoidRootPart"] = CFrame.new(0, 0, 0, 1, 0, 0, 0, 1, 0, 0, 0, 1),
			["LowerTorso"] = CFrame.new(0, 0, 0, 1, 0, 0, 0, 1, 0, 0, 0, 1),
			["UpperTorso"] = CFrame.new(0.00001, 0, -0.00001, 1, 0, 0, 0, -0.77978, 0.62606, 0, -0.62606, -0.77978),
			["Head"] = CFrame.new(-0.06018, -0.01090, 0, 1, 0, 0, 0, 1, 0, 0, 0, 1),
			["LeftUpperArm"] = CFrame.new(0, 0, 0, 1, 0, 0, 0, -0.79046, 0.61251, 0, -0.61251, -0.79046),
			["LeftLowerArm"] = CFrame.new(0, 0, 0, 1, 0, 0, 0, -0.98396, 0.17839, 0, -0.17839, -0.98396),
			["RightUpperArm"] = CFrame.new(0, 0, 0, 1, 0, 0, 0, 0.98255, 0.18601, 0, -0.18601, 0.98255),
			["RightLowerArm"] = CFrame.new(0, 0, 0, 1, 0, 0, 0, 0.99838, 0.05685, 0, -0.05685, 0.99838),
			["LeftUpperLeg"] = CFrame.new(0, 0, 0, 0.99, 0.09, 0.09, -0.08, 0.99, -0.08, -0.1, 0.07, 0.99),
			["LeftLowerLeg"] = CFrame.new(0, 0, 0, 0.997, -0.055, 0.05, 0.05, 0.995, 0.09, -0.055, -0.087, 0.995),
			["RightUpperLeg"] = CFrame.new(0, 0, 0, 0.983, -0.06, -0.17, 0.047, 0.996, -0.08, 0.175, 0.07, 0.982),
			["RightLowerLeg"] = CFrame.new(0, 0, 0, 0.998, 0.057, 0, -0.057, 0.995, 0.083, 0.005, -0.083, 0.997),
		}},
		{Time = 0.8, Data = {
			["HumanoidRootPart"] = CFrame.new(0, 0, 0, 1, 0, 0, 0, 1, 0, 0, 0, 1),
			["LowerTorso"] = CFrame.new(0, 0, 0, 1, 0, 0, 0, 1, 0, 0, 0, 1),
			["UpperTorso"] = CFrame.new(0.00001, 0, -0.00001, 1, 0, 0, 0, -0.77136, 0.63639, 0, -0.63639, -0.77136),
			["Head"] = CFrame.new(-0.06109, -0.01107, 0, 1, 0, 0, 0, 1, 0, 0, 0, 1),
			["LeftUpperArm"] = CFrame.new(0, 0, 0, 1, 0, 0, 0, -0.80176, 0.59765, 0, -0.59765, -0.80176),
			["LeftLowerArm"] = CFrame.new(0, 0, 0, 1, 0, 0, 0, -0.98248, 0.18638, 0, -0.18638, -0.98248),
			["RightUpperArm"] = CFrame.new(0, 0, 0, 1, 0, 0, 0, 0.97722, 0.21224, 0, -0.21224, 0.97722),
			["RightLowerArm"] = CFrame.new(0, 0, 0, 1, 0, 0, 0, 0.99976, 0.02206, 0, -0.02206, 0.99976),
			["LeftUpperLeg"] = CFrame.new(0, 0, 0, 0.99, 0.09, 0.09, -0.08, 0.99, -0.08, -0.1, 0.07, 0.99),
			["LeftLowerLeg"] = CFrame.new(0, 0, 0, 0.997, -0.055, 0.05, 0.05, 0.995, 0.09, -0.055, -0.087, 0.995),
			["RightUpperLeg"] = CFrame.new(0, 0, 0, 0.983, -0.06, -0.17, 0.047, 0.996, -0.08, 0.175, 0.07, 0.982),
			["RightLowerLeg"] = CFrame.new(0, 0, 0, 0.998, 0.057, 0, -0.057, 0.995, 0.083, 0.005, -0.083, 0.997),
		}},
		{Time = 0.83333, Data = {
			["HumanoidRootPart"] = CFrame.new(0, 0, 0, 1, 0, 0, 0, 1, 0, 0, 0, 1),
			["LowerTorso"] = CFrame.new(0, 0, 0, 1, 0, 0, 0, 1, 0, 0, 0, 1),
			["UpperTorso"] = CFrame.new(0.00001, 0, -0.00001, 1, 0, 0, 0, -0.78650, 0.61759, 0, -0.61759, -0.78650),
			["Head"] = CFrame.new(-0.06181, -0.01098, 0, 1, 0, 0, 0, 1, 0, 0, 0, 1),
			["LeftUpperArm"] = CFrame.new(0, 0, 0, 1, 0, 0, 0, -0.77100, 0.63683, 0, -0.63683, -0.77100),
			["LeftLowerArm"] = CFrame.new(0, 0, 0, 1, 0, 0, 0, -0.96316, 0.26894, 0, -0.26894, -0.96316),
			["RightUpperArm"] = CFrame.new(0, 0, 0, 1, 0, 0, 0, 0.97074, 0.24012, 0, -0.24012, 0.97074),
			["RightLowerArm"] = CFrame.new(0, 0, 0, 1, 0, 0, 0, 0.99316, 0.11679, 0, -0.11679, 0.99316),
			["LeftUpperLeg"] = CFrame.new(0, 0, 0, 0.99, 0.09, 0.09, -0.08, 0.99, -0.08, -0.1, 0.07, 0.99),
			["LeftLowerLeg"] = CFrame.new(0, 0, 0, 0.997, -0.055, 0.05, 0.05, 0.995, 0.09, -0.055, -0.087, 0.995),
			["RightUpperLeg"] = CFrame.new(0, 0, 0, 0.983, -0.06, -0.17, 0.047, 0.996, -0.08, 0.175, 0.07, 0.982),
			["RightLowerLeg"] = CFrame.new(0, 0, 0, 0.998, 0.057, 0, -0.057, 0.995, 0.083, 0.005, -0.083, 0.997),
		}},
		{Time = 0.86667, Data = {
			["HumanoidRootPart"] = CFrame.new(0, 0, 0, 1, 0, 0, 0, 1, 0, 0, 0, 1),
			["LowerTorso"] = CFrame.new(0, 0, 0, 1, 0, 0, 0, 1, 0, 0, 0, 1),
			["UpperTorso"] = CFrame.new(0.00001, 0, -0.00001, 1, 0, 0, 0, -0.78347, 0.62143, 0, -0.62143, -0.78347),
			["Head"] = CFrame.new(-0.06316, -0.01070, 0, 1, 0, 0, 0, 1, 0, 0, 0, 1),
			["LeftUpperArm"] = CFrame.new(0, 0, 0, 1, 0, 0, 0, -0.75941, 0.65061, 0, -0.65061, -0.75941),
			["LeftLowerArm"] = CFrame.new(0, 0, 0, 1, 0, 0, 0, -0.95281, 0.30358, 0, -0.30358, -0.95281),
			["RightUpperArm"] = CFrame.new(0, 0, 0, 1, 0, 0, 0, 0.96162, 0.27437, 0, -0.27437, 0.96162),
			["RightLowerArm"] = CFrame.new(0, 0, 0, 1, 0, 0, 0, 0.99425, 0.10713, 0, -0.10713, 0.99425),
			["LeftUpperLeg"] = CFrame.new(0, 0, 0, 0.99, 0.09, 0.09, -0.08, 0.99, -0.08, -0.1, 0.07, 0.99),
			["LeftLowerLeg"] = CFrame.new(0, 0, 0, 0.997, -0.055, 0.05, 0.05, 0.995, 0.09, -0.055, -0.087, 0.995),
			["RightUpperLeg"] = CFrame.new(0, 0, 0, 0.983, -0.06, -0.17, 0.047, 0.996, -0.08, 0.175, 0.07, 0.982),
			["RightLowerLeg"] = CFrame.new(0, 0, 0, 0.998, 0.057, 0, -0.057, 0.995, 0.083, 0.005, -0.083, 0.997),
		}},
		{Time = 0.9, Data = {
			["HumanoidRootPart"] = CFrame.new(0, 0, 0, 1, 0, 0, 0, 1, 0, 0, 0, 1),
			["LowerTorso"] = CFrame.new(0, 0, 0, 1, 0, 0, 0, 1, 0, 0, 0, 1),
			["UpperTorso"] = CFrame.new(0.00001, 0, -0.00001, 1, 0, 0, 0, -0.78055, 0.62509, 0, -0.62509, -0.78055),
			["Head"] = CFrame.new(-0.06423, -0.01049, 0, 1, 0, 0, 0, 1, 0, 0, 0, 1),
			["LeftUpperArm"] = CFrame.new(0, 0, 0, 1, 0, 0, 0, -0.74973, 0.66174, 0, -0.66174, -0.74973),
			["LeftLowerArm"] = CFrame.new(0, 0, 0, 1, 0, 0, 0, -0.94220, 0.33506, 0, -0.33506, -0.94220),
			["RightUpperArm"] = CFrame.new(0, 0, 0, 1, 0, 0, 0, 0.95991, 0.28030, 0, -0.28030, 0.95991),
			["RightLowerArm"] = CFrame.new(0, 0, 0, 1, 0, 0, 0, 0.99319, 0.11651, 0, -0.11651, 0.99319),
			["LeftUpperLeg"] = CFrame.new(0, 0, 0, 0.99, 0.09, 0.09, -0.08, 0.99, -0.08, -0.1, 0.07, 0.99),
			["LeftLowerLeg"] = CFrame.new(0, 0, 0, 0.997, -0.055, 0.05, 0.05, 0.995, 0.09, -0.055, -0.087, 0.995),
			["RightUpperLeg"] = CFrame.new(0, 0, 0, 0.983, -0.06, -0.17, 0.047, 0.996, -0.08, 0.175, 0.07, 0.982),
			["RightLowerLeg"] = CFrame.new(0, 0, 0, 0.998, 0.057, 0, -0.057, 0.995, 0.083, 0.005, -0.083, 0.997),
		}},
		{Time = 0.93333, Data = {
			["HumanoidRootPart"] = CFrame.new(0, 0, 0, 1, 0, 0, 0, 1, 0, 0, 0, 1),
			["LowerTorso"] = CFrame.new(0, 0, 0, 1, 0, 0, 0, 1, 0, 0, 0, 1),
			["UpperTorso"] = CFrame.new(0.00001, 0, -0.00001, 1, 0, 0, 0, -0.77173, 0.63596, 0, -0.63596, -0.77173),
			["Head"] = CFrame.new(-0.06528, -0.01004, 0, 1, 0, 0, 0, 1, 0, 0, 0, 1),
			["LeftUpperArm"] = CFrame.new(0, 0, 0, 1, 0, 0, 0, -0.73976, 0.67287, 0, -0.67287, -0.73976),
			["LeftLowerArm"] = CFrame.new(0, 0, 0, 1, 0, 0, 0, -0.93169, 0.36325, 0, -0.36325, -0.93169),
			["RightUpperArm"] = CFrame.new(0, 0, 0, 1, 0, 0, 0, 0.95959, 0.28141, 0, -0.28141, 0.95959),
			["RightLowerArm"] = CFrame.new(0, 0, 0, 1, 0, 0, 0, 0.99196, 0.12651, 0, -0.12651, 0.99196),
			["LeftUpperLeg"] = CFrame.new(0, 0, 0, 0.99, 0.09, 0.09, -0.08, 0.99, -0.08, -0.1, 0.07, 0.99),
			["LeftLowerLeg"] = CFrame.new(0, 0, 0, 0.997, -0.055, 0.05, 0.05, 0.995, 0.09, -0.055, -0.087, 0.995),
			["RightUpperLeg"] = CFrame.new(0, 0, 0, 0.983, -0.06, -0.17, 0.047, 0.996, -0.08, 0.175, 0.07, 0.982),
			["RightLowerLeg"] = CFrame.new(0, 0, 0, 0.998, 0.057, 0, -0.057, 0.995, 0.083, 0.005, -0.083, 0.997),
		}},
		{Time = 0.96667, Data = {
			["HumanoidRootPart"] = CFrame.new(0, 0, 0, 1, 0, 0, 0, 1, 0, 0, 0, 1),
			["LowerTorso"] = CFrame.new(0, 0, 0, 1, 0, 0, 0, 1, 0, 0, 0, 1),
			["UpperTorso"] = CFrame.new(0.00001, 0, -0.00001, 1, 0, 0, 0, -0.76912, 0.63910, 0, -0.63910, -0.76912),
			["Head"] = CFrame.new(-0.06634, -0.00973, 0, 1, 0, 0, 0, 1, 0, 0, 0, 1),
			["LeftUpperArm"] = CFrame.new(0, 0, 0, 1, 0, 0, 0, -0.72677, 0.68688, 0, -0.68688, -0.72677),
			["LeftLowerArm"] = CFrame.new(0, 0, 0, 1, 0, 0, 0, -0.92036, 0.39108, 0, -0.39108, -0.92036),
			["RightUpperArm"] = CFrame.new(0, 0, 0, 1, 0, 0, 0, 0.96715, 0.25422, 0, -0.25422, 0.96715),
			["RightLowerArm"] = CFrame.new(0, 0, 0, 1, 0, 0, 0, 0.98405, 0.17788, 0, -0.17788, 0.98405),
			["LeftUpperLeg"] = CFrame.new(0, 0, 0, 0.99, 0.09, 0.09, -0.08, 0.99, -0.08, -0.1, 0.07, 0.99),
			["LeftLowerLeg"] = CFrame.new(0, 0, 0, 0.997, -0.055, 0.05, 0.05, 0.995, 0.09, -0.055, -0.087, 0.995),
			["RightUpperLeg"] = CFrame.new(0, 0, 0, 0.983, -0.06, -0.17, 0.047, 0.996, -0.08, 0.175, 0.07, 0.982),
			["RightLowerLeg"] = CFrame.new(0, 0, 0, 0.998, 0.057, 0, -0.057, 0.995, 0.083, 0.005, -0.083, 0.997),
		}},
		{Time = 1.0, Data = {
			["HumanoidRootPart"] = CFrame.new(0, 0, 0, 1, 0, 0, 0, 1, 0, 0, 0, 1),
			["LowerTorso"] = CFrame.new(0, 0, 0, 1, 0, 0, 0, 1, 0, 0, 0, 1),
			["UpperTorso"] = CFrame.new(0.00001, 0, -0.00001, 1, 0, 0, 0, -0.76447, 0.64466, 0, -0.64466, -0.76447),
			["Head"] = CFrame.new(-0.06739, -0.00921, 0, 1, 0, 0, 0, 1, 0, 0, 0, 1),
			["LeftUpperArm"] = CFrame.new(0, 0, 0, 1, 0, 0, 0, -0.72115, 0.69278, 0, -0.69278, -0.72115),
			["LeftLowerArm"] = CFrame.new(0, 0, 0, 1, 0, 0, 0, -0.91766, 0.39738, 0, -0.39738, -0.91766),
			["RightUpperArm"] = CFrame.new(0, 0, 0, 1, 0, 0, 0, 0.97150, 0.23704, 0, -0.23704, 0.97150),
			["RightLowerArm"] = CFrame.new(0, 0, 0, 1, 0, 0, 0, 0.98214, 0.18815, 0, -0.18815, 0.98214),
			["LeftUpperLeg"] = CFrame.new(0, 0, 0, 0.99, 0.09, 0.09, -0.08, 0.99, -0.08, -0.1, 0.07, 0.99),
			["LeftLowerLeg"] = CFrame.new(0, 0, 0, 0.997, -0.055, 0.05, 0.05, 0.995, 0.09, -0.055, -0.087, 0.995),
			["RightUpperLeg"] = CFrame.new(0, 0, 0, 0.983, -0.06, -0.17, 0.047, 0.996, -0.08, 0.175, 0.07, 0.982),
			["RightLowerLeg"] = CFrame.new(0, 0, 0, 0.998, 0.057, 0, -0.057, 0.995, 0.083, 0.005, -0.083, 0.997),
		}},
		{Time = 1.03333, Data = {
			["HumanoidRootPart"] = CFrame.new(0, 0, 0, 1, 0, 0, 0, 1, 0, 0, 0, 1),
			["LowerTorso"] = CFrame.new(0, 0, 0, 1, 0, 0, 0, 1, 0, 0, 0, 1),
			["UpperTorso"] = CFrame.new(0.00001, 0, -0.00001, 1, 0, 0, 0, -0.76566, 0.64324, 0, -0.64324, -0.76566),
			["Head"] = CFrame.new(-0.06781, -0.00843, 0, 1, 0, 0, 0, 1, 0, 0, 0, 1),
			["LeftUpperArm"] = CFrame.new(0, 0, 0, 1, 0, 0, 0, -0.70444, 0.70977, 0, -0.70977, -0.70444),
			["LeftLowerArm"] = CFrame.new(0, 0, 0, 1, 0, 0, 0, -0.91002, 0.41456, 0, -0.41456, -0.91002),
			["RightUpperArm"] = CFrame.new(0, 0, 0, 1, 0, 0, 0, 0.98519, 0.17146, 0, -0.17146, 0.98519),
			["RightLowerArm"] = CFrame.new(0, 0, 0, 1, 0, 0, 0, 0.96326, 0.26855, 0, -0.26855, 0.96326),
			["LeftUpperLeg"] = CFrame.new(0, 0, 0, 0.99, 0.09, 0.09, -0.08, 0.99, -0.08, -0.1, 0.07, 0.99),
			["LeftLowerLeg"] = CFrame.new(0, 0, 0, 0.997, -0.055, 0.05, 0.05, 0.995, 0.09, -0.055, -0.087, 0.995),
			["RightUpperLeg"] = CFrame.new(0, 0, 0, 0.983, -0.06, -0.17, 0.047, 0.996, -0.08, 0.175, 0.07, 0.982),
			["RightLowerLeg"] = CFrame.new(0, 0, 0, 0.998, 0.057, 0, -0.057, 0.995, 0.083, 0.005, -0.083, 0.997),
		}},
		{Time = 1.06667, Data = {
			["HumanoidRootPart"] = CFrame.new(0, 0, 0, 1, 0, 0, 0, 1, 0, 0, 0, 1),
			["LowerTorso"] = CFrame.new(0, 0, 0, 1, 0, 0, 0, 1, 0, 0, 0, 1),
			["UpperTorso"] = CFrame.new(0.00001, 0, -0.00001, 1, 0, 0, 0, -0.76215, 0.64740, 0, -0.64740, -0.76215),
			["Head"] = CFrame.new(-0.06846, -0.00809, 0, 1, 0, 0, 0, 1, 0, 0, 0, 1),
			["LeftUpperArm"] = CFrame.new(0, 0, 0, 1, 0, 0, 0, -0.70421, 0.70999, 0, -0.70999, -0.70421),
			["LeftLowerArm"] = CFrame.new(0, 0, 0, 1, 0, 0, 0, -0.91191, 0.41039, 0, -0.41039, -0.91191),
			["RightUpperArm"] = CFrame.new(0, 0, 0, 1, 0, 0, 0, 0.99087, 0.13482, 0, -0.13482, 0.99087),
			["RightLowerArm"] = CFrame.new(0, 0, 0, 1, 0, 0, 0, 0.95900, 0.28340, 0, -0.28340, 0.95900),
			["LeftUpperLeg"] = CFrame.new(0, 0, 0, 0.99, 0.09, 0.09, -0.08, 0.99, -0.08, -0.1, 0.07, 0.99),
			["LeftLowerLeg"] = CFrame.new(0, 0, 0, 0.997, -0.055, 0.05, 0.05, 0.995, 0.09, -0.055, -0.087, 0.995),
			["RightUpperLeg"] = CFrame.new(0, 0, 0, 0.983, -0.06, -0.17, 0.047, 0.996, -0.08, 0.175, 0.07, 0.982),
			["RightLowerLeg"] = CFrame.new(0, 0, 0, 0.998, 0.057, 0, -0.057, 0.995, 0.083, 0.005, -0.083, 0.997),
		}},
		{Time = 1.1, Data = {
			["HumanoidRootPart"] = CFrame.new(0, 0, 0, 1, 0, 0, 0, 1, 0, 0, 0, 1),
			["LowerTorso"] = CFrame.new(0, 0, 0, 1, 0, 0, 0, 1, 0, 0, 0, 1),
			["UpperTorso"] = CFrame.new(0.00001, 0, -0.00001, 1, 0, 0, 0, -0.74215, 0.67024, 0, -0.67024, -0.74215),
			["Head"] = CFrame.new(-0.06923, -0.00815, 0, 1, 0, 0, 0, 1, 0, 0, 0, 1),
			["LeftUpperArm"] = CFrame.new(0, 0, 0, 1, 0, 0, 0, -0.71622, 0.69787, 0, -0.69787, -0.71622),
			["LeftLowerArm"] = CFrame.new(0, 0, 0, 1, 0, 0, 0, -0.92489, 0.38022, 0, -0.38022, -0.92489),
			["RightUpperArm"] = CFrame.new(0, 0, 0, 1, 0, 0, 0, 0.99384, 0.11079, 0, -0.11079, 0.99384),
			["RightLowerArm"] = CFrame.new(0, 0, 0, 1, 0, 0, 0, 0.96314, 0.26902, 0, -0.26902, 0.96314),
			["LeftUpperLeg"] = CFrame.new(0, 0, 0, 0.99, 0.09, 0.09, -0.08, 0.99, -0.08, -0.1, 0.07, 0.99),
			["LeftLowerLeg"] = CFrame.new(0, 0, 0, 0.997, -0.055, 0.05, 0.05, 0.995, 0.09, -0.055, -0.087, 0.995),
			["RightUpperLeg"] = CFrame.new(0, 0, 0, 0.983, -0.06, -0.17, 0.047, 0.996, -0.08, 0.175, 0.07, 0.982),
			["RightLowerLeg"] = CFrame.new(0, 0, 0, 0.998, 0.057, 0, -0.057, 0.995, 0.083, 0.005, -0.083, 0.997),
		}},
		{Time = 1.13333, Data = {
			["HumanoidRootPart"] = CFrame.new(0, 0, 0, 1, 0, 0, 0, 1, 0, 0, 0, 1),
			["LowerTorso"] = CFrame.new(0, 0, 0, 1, 0, 0, 0, 1, 0, 0, 0, 1),
			["UpperTorso"] = CFrame.new(0.00001, 0, -0.00001, 1, 0, 0, 0, -0.74727, 0.66452, 0, -0.66452, -0.74727),
			["Head"] = CFrame.new(-0.06934, -0.00834, 0, 1, 0, 0, 0, 1, 0, 0, 0, 1),
			["LeftUpperArm"] = CFrame.new(0, 0, 0, 1, 0, 0, 0, -0.71307, 0.70109, 0, -0.70109, -0.71307),
