-- Generated from yurs idle
return {
	["yurs idle"] = {
		{Time = 0, Data = {
			["HumanoidRootPart"] = CFrame.new(0, 0, 0, 1, 0, 0, 0, 1, 0, 0, 0, 1),
			["LowerTorso"] = CFrame.new(0, 0, 0, 1, 0, 0, 0, 1, 0, 0, 0, 1),
			["UpperTorso"] = CFrame.new(0.00001, 0, -0.00001, 1, 0, 0, 0, 0.99709, -0.07626, 0, 0.07626, 0.99709),
			["LeftUpperArm"] = CFrame.new(0, 0, 0, 1, 0, 0, 0, 0.97967, 0.20059, 0, -0.20059, 0.97967),
			["LeftLowerArm"] = CFrame.new(0, 0, 0.00001, 1, 0, 0, 0, 0.99664, 0.08187, 0, -0.08187, 0.99664),
			["RightUpperArm"] = CFrame.new(0.00228, 0.00007, 0.00151, 0.99996, 0.00344, 0.00857, 0.00801, -0.78586, -0.61835, 0.00461, 0.61839, -0.78586),
			["RightLowerArm"] = CFrame.new(-0.00004, 0, 0.00003, 0.49018, 0.87032, -0.04761, -0.80811, 0.47425, 0.34936, 0.32663, -0.13278, 0.93578),
			["Head"] = CFrame.new(0, 0, 0, 1, 0, 0, 0, 1, 0, 0, 0, 1),
			["RightUpperLeg"] = CFrame.new(-0.00002, 0, -0.00001, 0.98338, -0.06053, -0.17115, 0.04722, 0.99561, -0.08076, 0.17528, 0.07134, 0.98193),
			["RightLowerLeg"] = CFrame.new(-0.00003, 0, 0, 0.99835, 0.05737, 0, -0.05717, 0.9949, 0.08305, 0.00476, -0.08292, 0.99655),
			["LeftUpperLeg"] = CFrame.new(0, 0, 0, 0.99134, 0.09218, 0.09351, -0.08495, 0.99328, -0.07857, -0.10012, 0.06995, 0.99251),
			["LeftLowerLeg"] = CFrame.new(-0.00003, 0, 0.00001, 0.99722, -0.05498, 0.05027, 0.05029, 0.99465, 0.09028, -0.05497, -0.0875, 0.99465),
		}},
		{Time = 0.75, Data = {
			["HumanoidRootPart"] = CFrame.new(0, 0, 0, 1, 0, 0, 0, 1, 0, 0, 0, 1),
			["LowerTorso"] = CFrame.new(0, 0, 0, 1, 0, 0, 0, 1, 0, 0, 0, 1),
			["UpperTorso"] = CFrame.new(0.00001, 0, 0, 1, 0, 0, 0, 0.99922, 0.03946, 0, -0.03946, 0.99922),
		}},
		{Time = 0.875, Data = {
			["HumanoidRootPart"] = CFrame.new(0, 0, 0, 1, 0, 0, 0, 1, 0, 0, 0, 1),
			["LowerTorso"] = CFrame.new(0, 0, 0, 1, 0, 0, 0, 1, 0, 0, 0, 1),
			["UpperTorso"] = CFrame.new(0, 0, 0, 1, 0, 0, 0, 1, 0, 0, 0, 1),
			["LeftUpperArm"] = CFrame.new(0.00001, 0.00001, 0.00002, 1, 0, 0, 0, 0.99993, -0.01169, 0, 0.01169, 0.99993),
			["LeftLowerArm"] = CFrame.new(0, 0, 0, 1, 0, 0, 0, 0.97196, -0.23515, 0, 0.23515, 0.97196),
		}},
		{Time = 1.5, Data = {
			["HumanoidRootPart"] = CFrame.new(0, 0, 0, 1, 0, 0, 0, 1, 0, 0, 0, 1),
			["LowerTorso"] = CFrame.new(0, 0, 0, 1, 0, 0, 0, 1, 0, 0, 0, 1),
			["UpperTorso"] = CFrame.new(0.00001, 0, -0.00001, 1, 0, 0, 0, 0.99709, -0.07626, 0, 0.07626, 0.99709),
			["LeftUpperArm"] = CFrame.new(0, 0, 0, 1, 0, 0, 0, 0.97967, 0.20059, 0, -0.20059, 0.97967),
			["LeftLowerArm"] = CFrame.new(0, 0, 0.00001, 1, 0, 0, 0, 0.99664, 0.08187, 0, -0.08187, 0.99664),
			["RightUpperArm"] = CFrame.new(0.00002, 0.00001, 0.00002, 1, 0, 0, 0, -0.7891, -0.61426, 0, 0.61426, -0.7891),
			["RightLowerArm"] = CFrame.new(-0.00003, 0.00002, 0.00002, 0.49022, 0.86974, -0.05683, -0.80809, 0.47797, 0.3443, 0.32661, -0.12285, 0.93714),
			["RightUpperLeg"] = CFrame.new(-0.00002, 0, -0.00001, 0.98338, -0.06053, -0.17115, 0.04722, 0.99561, -0.08076, 0.17528, 0.07134, 0.98193),
			["RightLowerLeg"] = CFrame.new(-0.00003, 0, 0, 0.99835, 0.05737, 0, -0.05717, 0.9949, 0.08305, 0.00476, -0.08292, 0.99655),
			["LeftUpperLeg"] = CFrame.new(0, 0, 0, 0.99134, 0.09218, 0.09351, -0.08495, 0.99328, -0.07857, -0.10012, 0.06995, 0.99251),
			["LeftLowerLeg"] = CFrame.new(-0.00003, 0, 0.00001, 0.99722, -0.05498, 0.05027, 0.05029, 0.99465, 0.09028, -0.05497, -0.0875, 0.99465),
		}},
		{Time = 2.20833, Data = {
			["HumanoidRootPart"] = CFrame.new(0, 0, 0, 1, 0, 0, 0, 1, 0, 0, 0, 1),
			["LowerTorso"] = CFrame.new(0, 0, 0, 1, 0, 0, 0, 1, 0, 0, 0, 1),
			["UpperTorso"] = CFrame.new(0.00001, 0, 0, 1, 0, 0, 0, 0.99922, 0.03946, 0, -0.03946, 0.99922),
		}},
		{Time = 2.33333, Data = {
			["HumanoidRootPart"] = CFrame.new(0, 0, 0, 1, 0, 0, 0, 1, 0, 0, 0, 1),
			["LowerTorso"] = CFrame.new(0, 0, 0, 1, 0, 0, 0, 1, 0, 0, 0, 1),
			["UpperTorso"] = CFrame.new(0, 0, 0, 1, 0, 0, 0, 1, 0, 0, 0, 1),
			["LeftUpperArm"] = CFrame.new(0.00001, 0.00001, 0.00002, 1, 0, 0, 0, 0.99993, -0.01169, 0, 0.01169, 0.99993),
			["LeftLowerArm"] = CFrame.new(0, 0, 0, 1, 0, 0, 0, 0.97196, -0.23515, 0, 0.23515, 0.97196),
		}},
		{Time = 2.95833, Data = {
			["HumanoidRootPart"] = CFrame.new(0, 0, 0, 1, 0, 0, 0, 1, 0, 0, 0, 1),
			["LowerTorso"] = CFrame.new(0, 0, 0, 1, 0, 0, 0, 1, 0, 0, 0, 1),
			["UpperTorso"] = CFrame.new(0.00001, 0, -0.00001, 1, 0, 0, 0, 0.99709, -0.07626, 0, 0.07626, 0.99709),
			["LeftUpperArm"] = CFrame.new(0, 0, 0, 1, 0, 0, 0, 0.97967, 0.20059, 0, -0.20059, 0.97967),
			["LeftLowerArm"] = CFrame.new(0, 0, 0.00001, 1, 0, 0, 0, 0.99664, 0.08187, 0, -0.08187, 0.99664),
			["RightUpperArm"] = CFrame.new(0.00002, 0.00001, 0.00002, 1, 0, 0, 0, -0.7891, -0.61426, 0, 0.61426, -0.7891),
			["RightLowerArm"] = CFrame.new(-0.00003, 0.00002, 0.00002, 0.49022, 0.86974, -0.05683, -0.80809, 0.47797, 0.3443, 0.32661, -0.12285, 0.93714),
			["RightUpperLeg"] = CFrame.new(-0.00002, 0, -0.00001, 0.98338, -0.06053, -0.17115, 0.04722, 0.99561, -0.08076, 0.17528, 0.07134, 0.98193),
			["RightLowerLeg"] = CFrame.new(-0.00003, 0, 0, 0.99835, 0.05737, 0, -0.05717, 0.9949, 0.08305, 0.00476, -0.08292, 0.99655),
			["LeftUpperLeg"] = CFrame.new(0, 0, 0, 0.99134, 0.09218, 0.09351, -0.08495, 0.99328, -0.07857, -0.10012, 0.06995, 0.99251),
			["LeftLowerLeg"] = CFrame.new(-0.00003, 0, 0.00001, 0.99722, -0.05498, 0.05027, 0.05029, 0.99465, 0.09028, -0.05497, -0.0875, 0.99465),
		}},
		{Time = 3.5, Data = {
			["HumanoidRootPart"] = CFrame.new(0, 0, 0, 1, 0, 0, 0, 1, 0, 0, 0, 1),
			["LowerTorso"] = CFrame.new(0, 0, 0, 1, 0, 0, 0, 1, 0, 0, 0, 1),
			["UpperTorso"] = CFrame.new(0.00001, 0, 0, 1, 0, 0, 0, 0.99922, 0.03946, 0, -0.03946, 0.99922),
		}},
		{Time = 3.625, Data = {
			["HumanoidRootPart"] = CFrame.new(0, 0, 0, 1, 0, 0, 0, 1, 0, 0, 0, 1),
			["LowerTorso"] = CFrame.new(0, 0, 0, 1, 0, 0, 0, 1, 0, 0, 0, 1),
			["UpperTorso"] = CFrame.new(0, 0, 0, 1, 0, 0, 0, 1, 0, 0, 0, 1),
			["LeftUpperArm"] = CFrame.new(0.00001, 0.00001, 0.00002, 1, 0, 0, 0, 0.99993, -0.01169, 0, 0.01169, 0.99993),
			["LeftLowerArm"] = CFrame.new(0, 0, 0, 1, 0, 0, 0, 0.97196, -0.23515, 0, 0.23515, 0.97196),
		}},
		{Time = 4.08333, Data = {
			["HumanoidRootPart"] = CFrame.new(0, 0, 0, 1, 0, 0, 0, 1, 0, 0, 0, 1),
			["LowerTorso"] = CFrame.new(0, 0, 0, 1, 0, 0, 0, 1, 0, 0, 0, 1),
			["UpperTorso"] = CFrame.new(0, 0, 0, 1, 0, 0, 0, 1, 0, 0, 0, 1),
			["RightUpperArm"] = CFrame.new(0.00228, 0.00007, 0.00151, 0.99996, 0.00344, 0.00857, 0.00801, -0.78586, -0.61835, 0.00461, 0.61839, -0.78586),
			["RightLowerArm"] = CFrame.new(-0.00004, 0, 0.00003, 0.49018, 0.87032, -0.04761, -0.80811, 0.47425, 0.34936, 0.32663, -0.13278, 0.93578),
		}},
		{Time = 4.125, Data = {
			["HumanoidRootPart"] = CFrame.new(0, 0, 0, 1, 0, 0, 0, 1, 0, 0, 0, 1),
			["LowerTorso"] = CFrame.new(0, 0, 0, 1, 0, 0, 0, 1, 0, 0, 0, 1),
			["UpperTorso"] = CFrame.new(0, 0, 0, 1, 0, 0, 0, 1, 0, 0, 0, 1),
			["Head"] = CFrame.new(0, 0, 0, 1, 0, 0, 0, 1, 0, 0, 0, 1),
		}},
		{Time = 4.25, Data = {
			["HumanoidRootPart"] = CFrame.new(0, 0, 0, 1, 0, 0, 0, 1, 0, 0, 0, 1),
			["LowerTorso"] = CFrame.new(0, 0, 0, 1, 0, 0, 0, 1, 0, 0, 0, 1),
			["UpperTorso"] = CFrame.new(0.00001, 0, -0.00001, 1, 0, 0, 0, 0.99709, -0.07626, 0, 0.07626, 0.99709),
			["LeftUpperArm"] = CFrame.new(0, 0, 0, 1, 0, 0, 0, 0.97967, 0.20059, 0, -0.20059, 0.97967),
			["LeftLowerArm"] = CFrame.new(0, 0, 0.00001, 1, 0, 0, 0, 0.99664, 0.08187, 0, -0.08187, 0.99664),
			["RightUpperArm"] = CFrame.new(0.00002, 0.00001, 0.00002, 1, 0, 0, 0, -0.90913, -0.41651, 0, 0.41651, -0.90913),
			["RightLowerArm"] = CFrame.new(-0.00005, 0.00002, 0.00001, 0.09176, -0.99416, -0.05683, 0.93648, 0.06676, 0.34431, -0.33851, -0.08481, 0.93713),
			["Head"] = CFrame.new(0.00001, 0.00001, -0.00002, 0.57889, -0.8154, 0, 0.8154, 0.57889, 0, 0, 0, 1),
			["RightUpperLeg"] = CFrame.new(-0.00002, 0, -0.00001, 0.98338, -0.06053, -0.17115, 0.04722, 0.99561, -0.08076, 0.17528, 0.07134, 0.98193),
			["RightLowerLeg"] = CFrame.new(-0.00003, 0, 0, 0.99835, 0.05737, 0, -0.05717, 0.9949, 0.08305, 0.00476, -0.08292, 0.99655),
			["LeftUpperLeg"] = CFrame.new(0, 0, 0, 0.99134, 0.09218, 0.09351, -0.08495, 0.99328, -0.07857, -0.10012, 0.06995, 0.99251),
			["LeftLowerLeg"] = CFrame.new(-0.00003, 0, 0.00001, 0.99722, -0.05498, 0.05027, 0.05029, 0.99465, 0.09028, -0.05497, -0.0875, 0.99465),
		}},
		{Time = 4.29167, Data = {
			["HumanoidRootPart"] = CFrame.new(0, 0, 0, 1, 0, 0, 0, 1, 0, 0, 0, 1),
			["LowerTorso"] = CFrame.new(0, 0, 0, 1, 0, 0, 0, 1, 0, 0, 0, 1),
			["UpperTorso"] = CFrame.new(0, 0, 0, 1, 0, 0, 0, 1, 0, 0, 0, 1),
			["RightUpperArm"] = CFrame.new(0.00003, 0.00002, 0.00002, 0.12662, 0.07399, -0.98919, -0.90187, 0.42381, -0.08374, 0.41303, 0.90273, 0.12039),
			["RightLowerArm"] = CFrame.new(-0.00004, 0.00004, -0.00001, 0.39433, 0.91721, -0.05683, -0.85459, 0.38874, 0.34432, 0.3379, -0.0872, 0.93713),
			["Head"] = CFrame.new(0.00001, 0.00002, -0.00002, 0.42551, 0.90495, 0, -0.90495, 0.42551, 0, 0, 0, 1),
		}},
		{Time = 4.33333, Data = {
			["HumanoidRootPart"] = CFrame.new(0, 0, 0, 1, 0, 0, 0, 1, 0, 0, 0, 1),
			["LowerTorso"] = CFrame.new(0, 0, 0, 1, 0, 0, 0, 1, 0, 0, 0, 1),
			["UpperTorso"] = CFrame.new(0, 0, 0, 1, 0, 0, 0, 1, 0, 0, 0, 1),
			["RightUpperArm"] = CFrame.new(0.00002, 0.00002, 0.00001, 0.89499, 0.19281, 0.40226, 0.33953, -0.87931, -0.33395, 0.28933, 0.43547, -0.85244),
			["RightLowerArm"] = CFrame.new(-0.00005, 0.00006, 0, 0.26279, 0.96318, -0.05683, -0.90039, 0.26597, 0.34433, 0.34677, -0.03932, 0.93713),
			["Head"] = CFrame.new(0.00002, 0.00002, -0.00003, 1, 0, 0, 0, 0.02509, -0.99969, 0, 0.99969, 0.02509),
		}},
		{Time = 4.375, Data = {
			["HumanoidRootPart"] = CFrame.new(0, 0, 0, 1, 0, 0, 0, 1, 0, 0, 0, 1),
			["LowerTorso"] = CFrame.new(0, 0, 0, 1, 0, 0, 0, 1, 0, 0, 0, 1),
			["UpperTorso"] = CFrame.new(0, 0, 0, 1, 0, 0, 0, 1, 0, 0, 0, 1),
			["RightUpperArm"] = CFrame.new(0.00002, 0.00001, 0.00001, 0.7692, -0.4965, 0.40226, -0.38171, -0.86187, -0.33388, 0.51247, 0.10327, -0.85247),
			["RightLowerArm"] = CFrame.new(-0.00005, 0.00005, 0.00003, 0.26274, 0.13695, -0.9551, -0.9004, 0.39057, -0.19169, 0.34678, 0.91033, 0.22593),
			["Head"] = CFrame.new(0.00001, 0.00002, -0.00002, 0.4758, -0.87955, 0, 0.02204, 0.01192, -0.99969, 0.87928, 0.47565, 0.02506),
		}},
		{Time = 4.41667, Data = {
			["HumanoidRootPart"] = CFrame.new(0, 0, 0, 1, 0, 0, 0, 1, 0, 0, 0, 1),
			["LowerTorso"] = CFrame.new(0, 0, 0, 1, 0, 0, 0, 1, 0, 0, 0, 1),
			["UpperTorso"] = CFrame.new(0, 0, 0, 1, 0, 0, 0, 1, 0, 0, 0, 1),
			["RightUpperArm"] = CFrame.new(0.00002, 0.00003, 0.00002, -0.61437, -0.30739, -0.72668, -0.78879, 0.26139, 0.55631, 0.01895, 0.91498, -0.40306),
			["RightLowerArm"] = CFrame.new(-0.00005, 0.00006, 0.00005, 0.26268, 0.7582, 0.59676, -0.90041, -0.02967, 0.43403, 0.34679, -0.65134, 0.6749),
			["Head"] = CFrame.new(0.00002, 0.00001, -0.00002, 0.1888, 0.98201, 0, -0.16042, 0.03084, -0.98657, -0.96882, 0.18627, 0.16336),
		}},
		{Time = 4.45833, Data = {
			["HumanoidRootPart"] = CFrame.new(0, 0, 0, 1, 0, 0, 0, 1, 0, 0, 0, 1),
			["LowerTorso"] = CFrame.new(0, 0, 0, 1, 0, 0, 0, 1, 0, 0, 0, 1),
			["UpperTorso"] = CFrame.new(0, 0, 0, 1, 0, 0, 0, 1, 0, 0, 0, 1),
			["Head"] = CFrame.new(0.00002, 0.00001, -0.00002, 1, 0, 0, 0, 1, 0, 0, 0, 1),
		}},
		{Time = 4.5, Data = {
			["HumanoidRootPart"] = CFrame.new(0, 0, 0, 1, 0, 0, 0, 1, 0, 0, 0, 1),
			["LowerTorso"] = CFrame.new(0, 0, 0, 1, 0, 0, 0, 1, 0, 0, 0, 1),
			["UpperTorso"] = CFrame.new(0, 0, 0, 1, 0, 0, 0, 1, 0, 0, 0, 1),
			["RightUpperArm"] = CFrame.new(0.00228, 0.00007, 0.00151, 0.99996, 0.00344, 0.00857, 0.00801, -0.78586, -0.61835, 0.00461, 0.61839, -0.78586),
			["RightLowerArm"] = CFrame.new(-0.00004, 0, 0.00003, 0.49018, 0.87032, -0.04761, -0.80811, 0.47425, 0.34936, 0.32663, -0.13278, 0.93578),
		}},
	}
}
